-0.000969252
0.000969252
-0.000969252
0.000969252
-0.000969252
0.000969252
-0.000969252
0.000969252
-0.000969252
0.000969252
-0.000969252
0.000969252
-0.000969252
0.000969252
-0.000969252
0.000969252
-0.000969252
0.000969252
-0.000969252
0.000969252
-0.000969252
0.000969252
-0.000969252
0.000969252
-0.000969252
0.000969252
-0.000969252
0.000969252
-0.000969252
0.000969252
-0.000969252
0.000969252
-0.000969252
0.000969252
-0.000969252
0.000969252
-0.000969252
0.000969252
-0.000969252
0.000969252
-0.000969252
0.000969252
-0.000969252
0.000969252
-0.000969252
0.000969252
-0.000969252
0.000969252
-0.000969252
0.000969252
-0.000969252
0.000969252
-0.000969252
0.000969252
-0.000969252
0.000969252
-0.000969252
0.000969252
-0.000969252
0.000969252
-0.000969252
0.000969252
-0.000969252
0.000969252
-0.000969252
0.000969252
-0.000969252
0.000969252
-0.000969252
0.000969251
-0.000969254
0.000969242
-0.000969291
0.000969102
-0.000969791
0.000967406
-0.000975242
0.000950808
-0.00102309
0.000820281
-0.00135975
3.06783e-17
-0.00324586
-0.00408726
-0.0115797
-0.0200421
-0.0401806
-0.0678699
-0.114396
-0.173891
-0.252067
-0.332722
-0.407165
-0.443965
-0.424241
-0.318471
-0.127084
0.142763
0.444204
0.728147
0.926513
1.00097
0.926513
0.728147
0.444204
0.142763
-0.127084
-0.318471
-0.424241
-0.443965
-0.407165
-0.332722
-0.252067
-0.173891
-0.114396
-0.0678699
-0.0401806
-0.0200421
-0.0115797
-0.00408726
-0.00324586
0
0
0
0
0
0
0
0
0
0
0
0
0
0
0
0
0
0
0
0
0
0
0
0
0
0
0
0
0
0
0
0
0
0
0
0
0
0
0
0
0
0
0
0
0
0
0
0
0
0
0
0
0
0
0
0
0
0
0
0
