-0.000969252
0.000969252
-0.000969252
0.000969252
-0.000969252
0.000969252
-0.000969252
0.000969252
-0.000969252
0.000969252
-0.000969252
0.000969252
-0.000969252
0.000969252
-0.000969252
0.000969252
-0.000969252
0.000969252
-0.000969252
0.000969252
-0.000969252
0.000969252
-0.000969252
0.000969252
-0.000969252
0.000969252
-0.000969252
0.000969252
-0.000969252
0.000969252
-0.000969252
0.000969252
-0.000969252
0.000969252
-0.000969252
0.000969252
-0.000969252
0.000969252
-0.000969252
0.000969252
-0.000969252
0.000969252
-0.000969252
0.000969252
-0.000969252
0.000969252
-0.000969252
0.000969252
-0.000969252
0.000969252
-0.000969252
0.000969252
-0.000969252
0.000969252
-0.000969252
0.000969252
-0.000969252
0.000969252
-0.000969252
0.000969252
-0.000969252
0.000969252
-0.000969252
0.000969252
-0.000969252
0.000969252
-0.000969252
0.000969252
-0.000969252
0.000969252
-0.000969252
0.000969252
-0.000969252
0.000969252
-0.000969252
0.000969252
-0.000969252
0.000969252
-0.000969252
0.000969252
-0.000969252
0.000969252
-0.000969252
0.000969252
-0.000969252
0.000969252
-0.000969252
0.000969252
-0.000969252
0.000969252
-0.000969252
0.000969252
-0.000969252
0.000969252
-0.000969252
0.000969251
-0.000969261
0.000969102
-0.000971097
0.000950808
-0.00111822
6.33127e-17
-0.00602576
-0.0200421
-0.0698084
-0.173891
-0.33466
-0.443965
-0.320409
0.142763
0.726208
1.00097
0.726208
0.142763
-0.320409
-0.443965
-0.33466
-0.173891
-0.0698084
-0.0200421
-0.00602576
0
0
0
0
0
0
0
0
0
0
0
0
0
0
0
0
0
0
0
0
0
0
0
0
0
0
0
0
0
0
0
0
0
0
0
0
0
0
0
0
0
0
0
0
0
0
0
0
0
0
0
0
0
0
0
0
0
0
0
0
