3 0.666667
3.17172 0.721659
3.34343 0.784872
3.51515 0.820448
3.68687 0.845487
3.85859 0.864568
4.0303 0.879756
4.20202 0.892192
4.37374 0.902583
4.54545 0.911401
4.71717 0.918976
4.88889 0.925551
5.06061 0.931306
5.23232 0.936382
5.40404 0.940886
5.57576 0.944906
5.74747 0.948512
5.91919 0.951762
6.09091 0.954702
6.26263 0.957373
6.43434 0.959807
6.60606 0.962032
6.77778 0.964073
6.94949 0.965949
7.12121 0.967679
7.29293 0.969277
7.46465 0.970757
7.63636 0.97213
7.80808 0.973407
7.9798 0.974597
8.15152 0.975707
8.32323 0.976745
8.49495 0.977717
8.66667 0.978628
8.83838 0.979484
9.0101 0.980289
9.18182 0.981046
9.35354 0.98176
9.52525 0.982434
9.69697 0.983071
9.86869 0.983674
10.0404 0.984245
10.2121 0.984785
10.3838 0.985299
10.5556 0.985786
10.7273 0.98625
10.899 0.986691
11.0707 0.98711
11.2424 0.987511
11.4141 0.987892
11.5859 0.988257
11.7576 0.988604
11.9293 0.988937
12.101 0.989255
12.2727 0.98956
12.4444 0.989851
12.6162 0.990131
12.7879 0.990399
12.9596 0.990656
13.1313 0.990903
13.303 0.991141
13.4747 0.991369
13.6465 0.991588
13.8182 0.991799
13.9899 0.992002
14.1616 0.992198
14.3333 0.992386
14.5051 0.992568
14.6768 0.992743
14.8485 0.992912
15.0202 0.993076
15.1919 0.993233
15.3636 0.993386
15.5354 0.993533
15.7071 0.993675
15.8788 0.993813
16.0505 0.993946
16.2222 0.994075
16.3939 0.9942
16.5657 0.994321
16.7374 0.994438
16.9091 0.994551
17.0808 0.994661
17.2525 0.994768
17.4242 0.994872
17.596 0.994972
17.7677 0.99507
17.9394 0.995165
18.1111 0.995257
18.2828 0.995346
18.4545 0.995433
18.6263 0.995518
18.798 0.9956
18.9697 0.99568
19.1414 0.995758
19.3131 0.995833
19.4848 0.995907
19.6566 0.995979
19.8283 0.996049
20 0.996117
