3 0.666667
3.17172 0.789334
3.34343 0.829753
3.51515 0.856294
3.68687 0.875781
3.85859 0.890906
4.0303 0.903057
4.20202 0.913057
4.37374 0.921437
4.54545 0.928559
4.71717 0.934684
4.88889 0.940002
5.06061 0.944657
5.23232 0.948762
5.40404 0.952405
5.57576 0.955655
5.74747 0.95857
5.91919 0.961195
6.09091 0.96357
6.26263 0.965726
6.43434 0.967691
6.60606 0.969486
6.77778 0.971132
6.94949 0.972645
7.12121 0.974039
7.29293 0.975327
7.46465 0.97652
7.63636 0.977626
7.80808 0.978654
7.9798 0.979612
8.15152 0.980505
8.32323 0.981341
8.49495 0.982122
8.66667 0.982855
8.83838 0.983543
9.0101 0.98419
9.18182 0.984799
9.35354 0.985373
9.52525 0.985915
9.69697 0.986427
9.86869 0.986911
10.0404 0.987369
10.2121 0.987804
10.3838 0.988216
10.5556 0.988607
10.7273 0.98898
10.899 0.989334
11.0707 0.989671
11.2424 0.989992
11.4141 0.990298
11.5859 0.99059
11.7576 0.99087
11.9293 0.991136
12.101 0.991392
12.2727 0.991636
12.4444 0.99187
12.6162 0.992094
12.7879 0.992309
12.9596 0.992516
13.1313 0.992714
13.303 0.992904
13.4747 0.993087
13.6465 0.993263
13.8182 0.993432
13.9899 0.993595
14.1616 0.993752
14.3333 0.993903
14.5051 0.994048
14.6768 0.994189
14.8485 0.994324
15.0202 0.994455
15.1919 0.994582
15.3636 0.994704
15.5354 0.994822
15.7071 0.994936
15.8788 0.995046
16.0505 0.995153
16.2222 0.995256
16.3939 0.995356
16.5657 0.995453
16.7374 0.995547
16.9091 0.995638
17.0808 0.995726
17.2525 0.995812
17.4242 0.995895
17.596 0.995975
17.7677 0.996053
17.9394 0.996129
18.1111 0.996203
18.2828 0.996275
18.4545 0.996344
18.6263 0.996412
18.798 0.996478
18.9697 0.996542
19.1414 0.996604
19.3131 0.996665
19.4848 0.996724
19.6566 0.996781
19.8283 0.996837
20 0.996892
