3 0.850717
3.17172 0.881151
3.34343 0.901159
3.51515 0.915658
3.68687 0.926744
3.85859 0.935525
4.0303 0.942657
4.20202 0.948562
4.37374 0.953529
4.54545 0.957759
4.71717 0.961399
4.88889 0.964561
5.06061 0.96733
5.23232 0.96977
5.40404 0.971934
5.57576 0.973864
5.74747 0.975594
5.91919 0.977152
6.09091 0.97856
6.26263 0.979837
6.43434 0.981001
6.60606 0.982063
6.77778 0.983037
6.94949 0.983931
7.12121 0.984754
7.29293 0.985515
7.46465 0.986219
7.63636 0.986871
7.80808 0.987478
7.9798 0.988042
8.15152 0.988569
8.32323 0.989061
8.49495 0.989521
8.66667 0.989953
8.83838 0.990357
9.0101 0.990738
9.18182 0.991096
9.35354 0.991434
9.52525 0.991752
9.69697 0.992053
9.86869 0.992337
10.0404 0.992606
10.2121 0.992862
10.3838 0.993104
10.5556 0.993333
10.7273 0.993552
10.899 0.993759
11.0707 0.993957
11.2424 0.994146
11.4141 0.994325
11.5859 0.994497
11.7576 0.99466
11.9293 0.994817
12.101 0.994966
12.2727 0.99511
12.4444 0.995247
12.6162 0.995378
12.7879 0.995504
12.9596 0.995625
13.1313 0.995741
13.303 0.995852
13.4747 0.995959
13.6465 0.996062
13.8182 0.996161
13.9899 0.996257
14.1616 0.996349
14.3333 0.996437
14.5051 0.996522
14.6768 0.996605
14.8485 0.996684
15.0202 0.99676
15.1919 0.996834
15.3636 0.996906
15.5354 0.996975
15.7071 0.997042
15.8788 0.997106
16.0505 0.997169
16.2222 0.997229
16.3939 0.997287
16.5657 0.997344
16.7374 0.997399
16.9091 0.997452
17.0808 0.997504
17.2525 0.997554
17.4242 0.997602
17.596 0.997649
17.7677 0.997695
17.9394 0.99774
18.1111 0.997783
18.2828 0.997825
18.4545 0.997865
18.6263 0.997905
18.798 0.997943
18.9697 0.997981
19.1414 0.998017
19.3131 0.998053
19.4848 0.998087
19.6566 0.998121
19.8283 0.998153
20 0.998185
