0.000000
0.000000
0.000000
0.000000
0.000000
0.000000
0.000000
0.000000
0.000000
0.000000
0.000000
0.000000
0.000000
0.000000
0.000000
0.000000
0.000000
0.000000
0.000000
0.000000
0.000000
0.000000
0.000000
0.000000
0.000000
0.000000
0.000000
0.000000
0.000000
0.000000
0.000000
0.000000
0.000000
0.000000
0.000000
0.000000
0.000000
0.000000
0.000000
0.000000
0.000000
0.000000
0.000000
0.000000
0.000000
0.000000
0.000000
0.000000
0.000000
0.000000
0.000000
0.000000
0.000000
0.000000
0.000000
0.000000
0.000000
0.000000
0.000000
0.000000
0.000000
0.000000
0.000000
0.000000
0.000000
0.000000
0.000000
0.000000
0.000000
0.000000
0.000000
0.000000
0.000000
0.000000
-0.000000
-0.000000
-0.000002
-0.000007
-0.000019
-0.000047
-0.000101
-0.000197
-0.000351
-0.000584
-0.000915
-0.001367
-0.001961
-0.002726
-0.003696
-0.004921
-0.006465
-0.008409
-0.010853
-0.013906
-0.017688
-0.022321
-0.027921
-0.034596
-0.042438
-0.051524
-0.061901
-0.073584
-0.086540
-0.100672
-0.115807
-0.131680
-0.147922
-0.164056
-0.179497
-0.193565
-0.205498
-0.214475
-0.219648
-0.220175
-0.215261
-0.204203
-0.186443
-0.161612
-0.129585
-0.090514
-0.044866
0.006567
0.062673
0.122039
0.182998
0.243691
0.302139
0.356334
0.404329
0.444337
0.474819
0.494566
0.502770
0.499066
0.483561
0.456827
0.419873
0.374094
0.321191
0.263084
0.201816
0.139450
0.077972
0.019209
-0.035245
-0.084087
-0.126336
-0.161356
-0.188847
-0.208830
-0.221607
-0.227715
-0.227870
-0.222914
-0.213755
-0.201316
-0.186498
-0.170138
-0.152986
-0.135690
-0.118784
-0.102684
-0.087696
-0.074019
-0.061765
-0.050966
-0.041594
-0.033580
-0.026820
-0.021195
-0.016577
-0.012833
-0.009837
-0.007468
-0.005616
-0.004184
-0.003085
-0.002252
-0.001625
-0.001159
-0.000819
-0.000573
-0.000400
-0.000279
-0.000194
-0.000135
-0.000091
-0.000059
-0.000036
-0.000020
-0.000010
-0.000006
-0.000006
-0.000007
-0.000008
-0.000007
-0.000004
0.000000
0.000003
0.000005
0.000004
0.000001
-0.000002
-0.000004
-0.000005
-0.000003
-0.000000
0.000003
0.000005
0.000004
0.000002
-0.000001
-0.000003
-0.000004
-0.000003
-0.000001
0.000002
0.000004
0.000004
0.000003
-0.000000
-0.000003
-0.000004
-0.000004
-0.000002
0.000001
0.000003
0.000004
0.000003
0.000001
-0.000002
-0.000003
-0.000004
-0.000002
0.000000
0.000002
0.000004
0.000003
0.000001
-0.000001
-0.000003
-0.000003
-0.000002
-0.000000
0.000002
0.000003
0.000003
0.000002
-0.000000
-0.000002
-0.000003
-0.000003
-0.000001
0.000001
0.000003
0.000003
0.000002
0.000000
-0.000002
-0.000003
-0.000003
-0.000001
0.000001
0.000002
0.000003
0.000002
0.000001
-0.000001
-0.000002
-0.000003
-0.000002
0.000000
0.000002
0.000003
0.000002
0.000001
-0.000001
-0.000002
-0.000003
-0.000002
-0.000000
0.000001
0.000002
0.000002
0.000001
-0.000000
-0.000002
-0.000002
-0.000002
-0.000001
0.000001
0.000002
0.000002
0.000002
0.000000
-0.000001
-0.000002
-0.000002
-0.000001
0.000000
0.000002
0.000002
0.000002
0.000001
-0.000001
-0.000002
-0.000002
-0.000001
0.000000
0.000001
0.000002
0.000002
0.000001
-0.000001
-0.000002
-0.000002
-0.000001
-0.000000
0.000001
0.000002
0.000002
0.000001
-0.000000
-0.000001
-0.000002
-0.000002
-0.000001
0.000001
0.000002
0.000002
0.000001
0.000000
-0.000001
-0.000002
-0.000002
-0.000001
0.000000
0.000001
0.000002
0.000001
0.000000
-0.000001
-0.000002
-0.000002
-0.000001
-0.000000
0.000001
0.000002
0.000001
0.000001
-0.000000
-0.000001
-0.000002
-0.000001
-0.000000
0.000001
0.000001
0.000002
0.000001
-0.000000
-0.000001
-0.000002
-0.000001
-0.000001
0.000000
0.000001
0.000002
0.000001
0.000000
-0.000001
-0.000001
-0.000001
-0.000001
0.000000
0.000001
0.000001
0.000001
0.000000
-0.000001
-0.000001
-0.000001
-0.000001
-0.000000
0.000001
0.000001
0.000001
0.000001
-0.000000
-0.000001
-0.000001
-0.000001
-0.000000
0.000001
0.000001
0.000001
0.000001
-0.000000
-0.000001
-0.000001
-0.000001
-0.000000
0.000000
0.000001
0.000001
0.000001
0.000000
-0.000001
-0.000001
-0.000001
-0.000001
0.000000
0.000001
0.000001
0.000001
0.000000
-0.000000
-0.000001
-0.000001
-0.000001
-0.000000
0.000001
0.000001
0.000001
0.000001
-0.000000
-0.000001
-0.000001
-0.000001
-0.000000
0.000001
0.000001
0.000001
0.000001
-0.000000
-0.000001
-0.000001
-0.000001
-0.000000
0.000000
0.000001
0.000001
0.000001
0.000000
-0.000001
-0.000001
-0.000001
-0.000001
0.000000
0.000001
0.000001
0.000001
0.000000
-0.000000
-0.000001
-0.000001
-0.000001
-0.000000
0.000001
0.000001
0.000001
0.000000
-0.000000
-0.000001
-0.000001
-0.000001
-0.000000
0.000000
0.000001
0.000001
0.000001
-0.000000
-0.000001
-0.000001
-0.000001
-0.000000
0.000000
0.000001
0.000001
0.000001
0.000000
-0.000001
-0.000001
-0.000001
-0.000000
0.000000
0.000001
0.000001
0.000001
0.000000
-0.000000
-0.000001
-0.000001
-0.000001
-0.000000
0.000001
0.000001
0.000001
0.000000
-0.000000
-0.000001
-0.000001
-0.000001
-0.000000
0.000000
0.000001
0.000001
0.000000
-0.000000
-0.000001
-0.000001
-0.000001
-0.000000
0.000000
0.000001
0.000001
0.000001
0.000000
-0.000000
-0.000001
-0.000001
-0.000000
0.000000
0.000001
0.000001
0.000001
0.000000
-0.000000
-0.000001
-0.000001
-0.000001
-0.000000
0.000000
0.000001
0.000001
0.000000
-0.000000
-0.000001
-0.000001
-0.000001
-0.000000
0.000000
0.000001
0.000001
0.000000
-0.000000
-0.000001
-0.000001
-0.000001
-0.000000
0.000000
0.000001
0.000001
0.000001
0.000000
-0.000000
-0.000001
-0.000001
-0.000000
0.000000
0.000001
0.000001
0.000001
0.000000
-0.000000
-0.000001
-0.000001
-0.000000
-0.000000
0.000000
0.000001
0.000001
0.000000
-0.000000
-0.000001
-0.000001
-0.000001
-0.000000
0.000000
0.000001
0.000001
0.000000
-0.000000
-0.000001
-0.000001
-0.000001
-0.000000
0.000000
0.000000
0.000001
0.000000
0.000000
-0.000000
-0.000000
-0.000000
0.000000
0.000001
0.000002
0.000002
0.000003
0.000003
0.000003
0.000004
0.000006
0.000008
0.000010
0.000013
0.000016
0.000020
0.000024
0.000028
0.000034
0.000040
0.000047
0.000056
0.000065
0.000075
0.000086
0.000097
0.000109
0.000121
0.000134
0.000146
0.000159
0.000172
0.000182
0.000192
0.000198
0.000202
0.000202
0.000199
0.000191
0.000179
0.000161
0.000137
0.000107
0.000070
0.000026
-0.000023
-0.000077
-0.000136
-0.000197
-0.000261
-0.000324
-0.000387
-0.000445
-0.000499
-0.000544
-0.000579
-0.000601
-0.000609
-0.000602
-0.000577
-0.000536
-0.000477
-0.000403
-0.000314
-0.000213
-0.000102
0.000015
0.000134
0.000251
0.000360
0.000457
0.000538
0.000598
0.000636
0.000647
0.000632
0.000589
0.000521
0.000429
0.000318
0.000191
0.000054
-0.000086
-0.000222
-0.000347
-0.000456
-0.000542
-0.000602
-0.000632
-0.000631
-0.000599
-0.000537
-0.000448
-0.000337
-0.000211
-0.000075
0.000063
0.000196
0.000316
0.000417
0.000495
0.000546
0.000570
0.000565
0.000533
0.000478
0.000403
0.000314
0.000216
0.000117
0.000021
-0.000066
-0.000139
-0.000196
-0.000234
-0.000254
-0.000256
-0.000243
-0.000216
-0.000179
-0.000136
-0.000090
-0.000044
-0.000002
0.000035
0.000063
0.000084
0.000095
0.000098
0.000095
0.000085
0.000072
0.000055
0.000038
0.000020
0.000003
-0.000012
-0.000024
-0.000033
-0.000039
-0.000042
-0.000041
-0.000037
-0.000031
-0.000024
-0.000015
-0.000006
0.000002
0.000010
0.000017
0.000022
0.000025
0.000025
0.000023
0.000019
0.000013
0.000006
-0.000001
-0.000007
-0.000012
-0.000015
-0.000017
-0.000016
-0.000014
-0.000011
-0.000007
-0.000002
0.000003
0.000007
0.000011
0.000012
0.000012
0.000011
0.000008
0.000004
0.000000
-0.000004
-0.000006
-0.000008
-0.000009
-0.000008
-0.000006
-0.000004
-0.000002
0.000001
0.000003
0.000005
0.000006
0.000007
0.000006
0.000004
0.000002
-0.000001
-0.000003
-0.000005
-0.000006
-0.000005
-0.000004
-0.000003
-0.000001
0.000001
0.000003
0.000004
0.000004
0.000004
0.000003
0.000002
0.000000
-0.000001
-0.000002
-0.000003
-0.000003
-0.000003
-0.000002
-0.000001
0.000001
0.000002
0.000003
0.000003
0.000003
0.000001
0.000000
-0.000001
-0.000002
-0.000002
-0.000002
-0.000001
-0.000001
0.000000
0.000001
0.000001
0.000001
0.000001
0.000001
0.000001
0.000000
-0.000000
-0.000001
-0.000001
-0.000001
-0.000001
-0.000001
0.000000
0.000001
0.000001
0.000001
0.000001
0.000000
-0.000000
-0.000001
-0.000001
-0.000001
-0.000001
-0.000000
0.000000
0.000001
0.000001
0.000000
0.000000
-0.000000
-0.000000
-0.000000
-0.000000
-0.000000
0.000000
0.000000
0.000000
0.000000
-0.000000
-0.000000
-0.000000
-0.000000
0.000000
0.000000
0.000000
-0.000000
-0.000000
-0.000000
-0.000000
0.000000
0.000000
0.000000
0.000000
0.000000
-0.000000
-0.000000
-0.000000
-0.000000
-0.000000
0.000000
0.000001
0.000001
0.000001
0.000000
-0.000000
-0.000001
-0.000001
-0.000001
-0.000000
0.000000
0.000001
0.000001
0.000001
0.000000
-0.000000
-0.000000
-0.000001
-0.000001
-0.000000
-0.000000
0.000000
0.000001
0.000001
0.000000
0.000000
-0.000000
-0.000000
-0.000000
-0.000000
-0.000000
-0.000000
-0.000000
0.000000
0.000000
0.000000
0.000000
0.000000
0.000000
0.000000
-0.000000
-0.000001
-0.000001
-0.000001
-0.000000
0.000000
0.000001
0.000001
0.000001
0.000001
0.000000
-0.000000
-0.000001
-0.000001
-0.000001
-0.000001
0.000000
0.000001
0.000001
0.000001
0.000001
0.000000
-0.000001
-0.000001
-0.000001
-0.000001
-0.000000
0.000000
0.000001
0.000001
0.000001
0.000001
0.000000
-0.000000
-0.000001
-0.000001
-0.000001
-0.000001
-0.000000
0.000000
0.000001
0.000001
0.000001
0.000001
0.000000
-0.000000
-0.000001
-0.000001
-0.000001
-0.000001
-0.000000
0.000000
0.000001
0.000001
0.000001
0.000001
-0.000000
-0.000001
-0.000001
-0.000001
-0.000001
-0.000000
0.000001
0.000001
0.000002
0.000001
0.000001
-0.000000
-0.000001
-0.000002
-0.000002
-0.000001
-0.000000
0.000001
0.000001
0.000002
0.000001
0.000000
-0.000000
-0.000001
-0.000002
-0.000001
-0.000001
-0.000000
0.000001
0.000001
0.000001
0.000001
0.000001
-0.000000
-0.000001
-0.000001
-0.000001
-0.000001
-0.000000
0.000000
0.000001
0.000001
0.000001
0.000001
0.000000
-0.000001
-0.000001
-0.000002
-0.000001
-0.000001
0.000000
0.000001
0.000002
0.000002
0.000001
0.000000
-0.000001
-0.000002
-0.000002
-0.000002
-0.000001
0.000000
0.000001
0.000002
0.000002
0.000001
-0.000000
-0.000001
-0.000002
-0.000002
-0.000001
-0.000000
0.000001
0.000002
0.000002
0.000002
0.000001
-0.000000
-0.000001
-0.000002
-0.000002
-0.000001
-0.000000
0.000001
0.000002
0.000002
0.000001
0.000000
-0.000001
-0.000001
-0.000002
-0.000002
-0.000001
0.000000
0.000001
0.000002
0.000002
0.000001
0.000000
-0.000001
-0.000001
-0.000002
-0.000002
-0.000001
0.000000
0.000001
0.000002
0.000002
0.000001
0.000000
-0.000001
-0.000001
-0.000002
-0.000002
-0.000001
0.000000
0.000001
0.000002
0.000002
0.000001
0.000000
-0.000001
-0.000002
-0.000002
-0.000002
-0.000001
0.000001
0.000002
0.000002
0.000002
0.000001
-0.000000
-0.000002
-0.000002
-0.000002
-0.000001
0.000000
0.000001
0.000002
0.000002
0.000001
0.000000
-0.000001
-0.000002
-0.000002
-0.000002
-0.000001
0.000001
0.000002
0.000002
0.000002
0.000001
-0.000000
-0.000001
-0.000002
-0.000002
-0.000001
-0.000000
0.000001
0.000002
0.000002
0.000001
0.000000
-0.000001
-0.000001
-0.000002
-0.000001
-0.000001
0.000000
0.000001
0.000002
0.000002
0.000001
0.000000
-0.000001
-0.000002
-0.000002
-0.000001
-0.000001
0.000001
0.000001
0.000002
0.000002
0.000001
-0.000000
-0.000001
-0.000002
-0.000002
-0.000001
-0.000000
0.000001
0.000002
0.000002
0.000001
0.000000
-0.000001
-0.000002
-0.000002
-0.000002
-0.000001
0.000001
0.000002
0.000002
0.000002
0.000001
-0.000000
-0.000002
-0.000002
-0.000002
-0.000001
0.000001
0.000002
0.000002
0.000002
0.000001
0.000000
-0.000001
-0.000002
-0.000002
-0.000001
0.000000
0.000001
0.000002
0.000002
0.000001
0.000000
-0.000001
-0.000002
-0.000002
-0.000002
-0.000001
0.000000
0.000001
0.000001
0.000001
0.000000
-0.000001
-0.000002
-0.000002
-0.000002
-0.000001
0.000000
0.000001
0.000002
0.000002
0.000001
0.000001
-0.000000
-0.000001
-0.000001
-0.000000
0.000000
0.000001
0.000002
0.000002
0.000002
0.000001
-0.000000
-0.000001
-0.000002
-0.000002
-0.000001
-0.000000
0.000000
0.000001
0.000001
-0.000000
-0.000001
-0.000002
-0.000002
-0.000002
-0.000001
-0.000000
0.000001
0.000002
0.000002
0.000002
0.000001
0.000000
-0.000001
-0.000001
-0.000000
0.000000
0.000001
0.000002
0.000002
0.000001
0.000000
-0.000001
-0.000002
-0.000002
-0.000002
-0.000001
-0.000000
0.000001
0.000001
0.000001
0.000000
-0.000001
-0.000001
-0.000001
-0.000001
-0.000000
0.000001
0.000002
0.000002
0.000002
0.000001
-0.000000
-0.000001
-0.000002
-0.000002
-0.000001
-0.000000
0.000001
0.000001
0.000001
0.000000
-0.000001
-0.000001
-0.000002
-0.000001
-0.000001
0.000000
0.000001
0.000002
0.000002
0.000001
0.000000
-0.000001
-0.000001
-0.000001
-0.000001
-0.000000
0.000001
0.000001
0.000001
0.000001
-0.000000
-0.000001
-0.000001
-0.000001
-0.000001
-0.000000
0.000001
0.000001
0.000001
0.000001
0.000000
-0.000000
-0.000001
-0.000001
-0.000001
-0.000000
0.000000
0.000001
0.000001
0.000001
0.000000
-0.000000
-0.000001
-0.000001
-0.000001
-0.000001
0.000000
0.000001
0.000001
0.000001
0.000001
-0.000000
-0.000001
-0.000001
-0.000001
-0.000001
0.000000
0.000001
0.000001
0.000001
0.000001
-0.000000
-0.000001
-0.000001
-0.000001
-0.000001
0.000000
0.000001
0.000001
0.000001
0.000001
-0.000000
-0.000001
-0.000001
-0.000001
-0.000001
0.000000
0.000001
0.000001
0.000001
0.000001
-0.000000
-0.000001
-0.000001
-0.000001
-0.000001
0.000000
0.000001
0.000001
0.000001
0.000001
-0.000000
-0.000001
-0.000001
-0.000001
-0.000000
0.000000
0.000001
0.000001
0.000001
0.000000
-0.000000
-0.000001
-0.000001
-0.000001
-0.000000
0.000000
0.000001
0.000001
0.000001
0.000000
-0.000000
-0.000001
-0.000001
-0.000001
-0.000000
0.000000
0.000001
0.000001
0.000001
0.000000
-0.000000
-0.000001
-0.000001
-0.000001
-0.000000
0.000000
0.000001
0.000001
0.000001
0.000000
-0.000000
-0.000001
-0.000001
-0.000001
-0.000000
0.000000
0.000000
0.000001
0.000001
0.000000
-0.000000
-0.000000
-0.000001
-0.000000
-0.000000
0.000000
0.000000
0.000001
0.000000
0.000000
-0.000000
-0.000000
-0.000001
-0.000000
-0.000000
0.000000
0.000000
0.000001
0.000001
0.000000
-0.000000
-0.000000
-0.000001
-0.000001
-0.000000
0.000000
0.000000
0.000001
0.000001
0.000000
-0.000000
-0.000000
-0.000001
-0.000000
-0.000000
0.000000
0.000000
0.000001
0.000001
0.000000
-0.000000
-0.000000
-0.000001
-0.000001
-0.000000
0.000000
0.000000
0.000001
0.000001
0.000000
-0.000000
-0.000000
-0.000001
-0.000000
-0.000000
0.000000
0.000000
0.000001
0.000000
0.000000
-0.000000
-0.000000
-0.000001
-0.000000
-0.000000
0.000000
0.000001
0.000001
0.000000
-0.000000
-0.000000
-0.000001
-0.000001
-0.000000
0.000000
0.000000
0.000001
0.000000
0.000000
-0.000000
-0.000000
-0.000001
-0.000000
-0.000000
0.000000
0.000000
0.000001
0.000000
0.000000
-0.000000
-0.000000
-0.000000
-0.000000
0.000000
0.000000
0.000000
0.000000
0.000000
-0.000000
-0.000000
-0.000000
-0.000000
-0.000000
0.000000
0.000000
0.000000
0.000000
0.000000
-0.000000
-0.000000
-0.000000
-0.000000
-0.000000
0.000000
0.000000
0.000000
0.000000
-0.000000
-0.000000
-0.000000
-0.000000
-0.000000
0.000000
0.000000
0.000000
0.000000
0.000000
-0.000000
-0.000000
-0.000000
-0.000000
-0.000000
0.000000
0.000000
0.000000
0.000000
-0.000000
-0.000000
-0.000000
-0.000000
-0.000000
0.000000
0.000000
0.000000
0.000000
0.000000
-0.000000
-0.000000
-0.000000
-0.000000
-0.000000
0.000000
0.000000
0.000000
0.000000
0.000000
-0.000000
-0.000000
-0.000000
-0.000000
-0.000000
0.000000
0.000000
0.000000
0.000000
-0.000000
-0.000000
-0.000000
-0.000000
-0.000000
0.000000
0.000000
0.000000
0.000000
0.000000
-0.000000
-0.000000
-0.000000
-0.000000
-0.000000
0.000000
0.000000
0.000000
0.000000
0.000000
-0.000000
-0.000000
-0.000000
-0.000000
-0.000000
0.000000
0.000000
0.000000
0.000000
0.000000
-0.000000
-0.000000
-0.000000
-0.000000
-0.000000
0.000000
0.000000
0.000000
0.000000
0.000000
-0.000000
-0.000000
-0.000000
-0.000000
-0.000000
0.000000
0.000000
0.000000
0.000000
0.000000
-0.000000
-0.000000
-0.000000
-0.000000
0.000000
0.000000
0.000000
0.000000
0.000000
-0.000000
-0.000000
-0.000001
-0.000000
-0.000000
0.000000
0.000000
0.000001
0.000000
0.000000
-0.000000
-0.000000
-0.000001
-0.000000
-0.000000
0.000000
0.000001
0.000001
0.000000
0.000000
-0.000000
-0.000001
-0.000001
-0.000000
-0.000000
0.000000
0.000001
0.000001
0.000000
-0.000000
-0.000000
-0.000001
-0.000001
-0.000000
0.000000
0.000001
0.000001
0.000001
0.000000
-0.000000
-0.000001
-0.000001
-0.000001
-0.000000
0.000000
0.000001
0.000001
0.000001
0.000000
-0.000000
-0.000001
-0.000001
-0.000001
0.000000
0.000001
0.000001
0.000001
0.000000
-0.000000
-0.000001
-0.000001
-0.000001
-0.000000
0.000000
0.000001
0.000001
0.000001
0.000000
-0.000000
-0.000001
-0.000001
-0.000001
-0.000000
0.000000
0.000001
0.000001
0.000001
0.000000
-0.000001
-0.000001
-0.000001
-0.000001
0.000000
0.000001
0.000001
0.000001
0.000000
-0.000000
-0.000001
-0.000001
-0.000001
-0.000000
0.000000
0.000001
0.000001
0.000001
0.000000
-0.000000
-0.000001
-0.000001
-0.000001
-0.000000
0.000000
0.000001
0.000001
0.000001
0.000000
-0.000001
-0.000001
-0.000001
-0.000001
0.000000
0.000001
0.000001
0.000001
0.000000
-0.000000
-0.000001
-0.000001
-0.000001
-0.000000
0.000000
0.000001
0.000001
0.000001
0.000000
-0.000000
-0.000001
-0.000001
-0.000001
-0.000000
0.000000
0.000001
0.000001
0.000001
0.000000
-0.000000
-0.000001
-0.000001
-0.000001
-0.000000
0.000001
0.000001
0.000001
0.000001
-0.000000
-0.000001
-0.000001
-0.000001
-0.000000
0.000000
0.000001
0.000001
0.000001
0.000000
-0.000000
-0.000001
-0.000001
-0.000001
-0.000000
0.000000
0.000001
0.000001
0.000001
0.000000
-0.000000
-0.000001
-0.000001
-0.000001
-0.000000
0.000001
0.000001
0.000001
0.000001
-0.000000
-0.000001
-0.000001
-0.000001
-0.000001
0.000000
0.000001
0.000001
0.000001
0.000000
-0.000000
-0.000001
-0.000001
-0.000001
-0.000000
0.000000
0.000001
0.000001
0.000001
0.000000
-0.000000
-0.000001
-0.000001
-0.000001
-0.000000
0.000001
0.000001
0.000001
0.000001
0.000000
-0.000001
-0.000001
-0.000001
-0.000001
0.000000
0.000001
0.000001
0.000001
0.000001
-0.000000
-0.000001
-0.000001
-0.000001
-0.000000
0.000000
0.000001
0.000001
0.000001
0.000000
-0.000000
-0.000001
-0.000001
-0.000001
-0.000000
0.000001
0.000001
0.000001
0.000001
-0.000000
-0.000001
-0.000001
-0.000001
-0.000001
0.000000
0.000001
0.000001
0.000001
0.000000
-0.000000
-0.000001
-0.000001
-0.000001
-0.000000
0.000001
0.000001
0.000001
0.000001
0.000000
-0.000001
-0.000001
-0.000001
-0.000001
0.000000
0.000001
0.000001
0.000001
0.000001
-0.000000
-0.000001
-0.000001
-0.000001
-0.000001
0.000000
0.000001
0.000002
0.000001
0.000000
-0.000001
-0.000001
-0.000001
-0.000001
-0.000000
0.000001
0.000001
0.000001
0.000001
0.000000
-0.000001
-0.000001
-0.000001
-0.000001
0.000000
0.000001
0.000001
0.000001
0.000001
-0.000000
-0.000001
-0.000001
-0.000001
-0.000000
0.000001
0.000001
0.000001
0.000001
0.000000
-0.000001
-0.000001
-0.000001
-0.000001
0.000000
0.000001
0.000001
0.000001
0.000001
-0.000000
-0.000001
-0.000002
-0.000001
-0.000000
0.000001
0.000001
0.000002
0.000001
0.000000
-0.000001
-0.000001
-0.000002
-0.000001
-0.000000
0.000001
0.000002
0.000002
0.000001
-0.000000
-0.000001
-0.000002
-0.000001
-0.000001
0.000000
0.000001
0.000002
0.000001
0.000001
-0.000000
-0.000001
-0.000002
-0.000001
-0.000000
0.000001
0.000001
0.000002
0.000001
0.000000
-0.000001
-0.000001
-0.000001
-0.000001
0.000000
0.000001
0.000001
0.000001
0.000001
-0.000000
-0.000001
-0.000001
-0.000001
-0.000000
0.000000
0.000001
0.000001
0.000001
0.000000
-0.000001
-0.000001
-0.000001
-0.000001
-0.000000
0.000001
0.000001
0.000001
0.000001
-0.000000
-0.000001
-0.000001
-0.000001
-0.000001
0.000000
0.000001
0.000001
0.000001
0.000000
-0.000001
-0.000001
-0.000002
-0.000001
-0.000000
0.000001
0.000001
0.000001
0.000001
-0.000000
-0.000001
-0.000002
-0.000001
-0.000001
0.000000
0.000001
0.000002
0.000001
0.000001
-0.000000
-0.000001
-0.000002
-0.000001
-0.000000
0.000001
0.000001
0.000002
0.000001
0.000000
-0.000001
-0.000001
-0.000002
-0.000001
-0.000000
0.000001
0.000002
0.000002
0.000001
-0.000000
-0.000001
-0.000002
-0.000001
-0.000001
0.000000
0.000001
0.000002
0.000001
0.000000
-0.000001
-0.000001
-0.000002
-0.000001
-0.000000
0.000001
0.000001
0.000001
0.000001
0.000000
-0.000001
-0.000001
-0.000001
-0.000001
0.000000
0.000001
0.000002
0.000001
0.000001
-0.000000
-0.000001
-0.000002
-0.000001
-0.000000
0.000001
0.000001
0.000002
0.000001
0.000000
-0.000001
-0.000002
-0.000001
-0.000001
0.000000
0.000001
0.000002
0.000001
0.000001
-0.000001
-0.000001
-0.000002
-0.000001
-0.000000
0.000001
0.000002
0.000002
0.000001
0.000000
-0.000001
-0.000002
-0.000002
-0.000001
0.000000
0.000001
0.000002
0.000002
0.000001
-0.000000
-0.000001
-0.000002
-0.000002
-0.000001
0.000001
0.000002
0.000002
0.000001
0.000000
-0.000001
-0.000002
-0.000002
-0.000001
-0.000000
0.000001
0.000002
0.000002
0.000001
-0.000000
-0.000001
-0.000002
-0.000002
-0.000001
0.000000
0.000001
0.000002
0.000001
0.000000
-0.000001
-0.000002
-0.000002
-0.000001
-0.000000
0.000001
0.000002
0.000002
0.000001
-0.000000
-0.000001
-0.000002
-0.000002
-0.000001
0.000000
0.000001
0.000002
0.000001
0.000000
-0.000001
-0.000002
-0.000002
-0.000001
-0.000000
0.000001
0.000002
0.000002
0.000001
-0.000000
-0.000001
-0.000002
-0.000002
-0.000001
0.000001
0.000001
0.000002
0.000001
0.000000
-0.000001
-0.000002
-0.000002
-0.000001
-0.000000
0.000001
0.000002
0.000002
0.000001
-0.000000
-0.000001
-0.000002
-0.000002
-0.000001
0.000001
0.000002
0.000002
0.000001
0.000000
-0.000001
-0.000002
-0.000002
-0.000001
-0.000000
0.000001
0.000002
0.000002
0.000001
-0.000000
-0.000001
-0.000002
-0.000002
-0.000001
0.000000
0.000002
0.000002
0.000002
0.000001
-0.000001
-0.000002
-0.000002
-0.000001
-0.000000
0.000001
0.000002
0.000002
0.000001
-0.000000
-0.000001
-0.000002
-0.000002
-0.000001
0.000000
0.000001
0.000002
0.000002
0.000001
-0.000001
-0.000002
-0.000002
-0.000001
-0.000000
0.000001
0.000002
0.000002
0.000001
-0.000000
-0.000001
-0.000002
-0.000002
-0.000001
0.000000
0.000001
0.000002
0.000001
0.000001
-0.000001
-0.000001
-0.000002
-0.000001
-0.000000
0.000001
0.000002
0.000002
0.000001
-0.000000
-0.000001
-0.000002
-0.000002
-0.000001
0.000000
0.000001
0.000002
0.000001
0.000000
-0.000001
-0.000002
-0.000002
-0.000001
-0.000000
0.000001
0.000002
0.000002
0.000001
-0.000000
-0.000001
-0.000002
-0.000002
-0.000001
0.000001
0.000002
0.000002
0.000001
0.000000
-0.000001
-0.000002
-0.000002
-0.000001
-0.000000
0.000001
0.000002
0.000002
0.000001
-0.000000
-0.000001
-0.000002
-0.000002
-0.000001
0.000001
0.000002
0.000002
0.000002
0.000000
-0.000001
-0.000002
-0.000002
-0.000001
-0.000000
0.000001
0.000002
0.000002
0.000001
-0.000000
-0.000001
-0.000002
-0.000002
-0.000001
0.000000
0.000001
0.000002
0.000002
0.000001
-0.000001
-0.000002
-0.000002
-0.000001
-0.000000
0.000001
0.000002
0.000002
0.000001
0.000000
-0.000001
-0.000002
-0.000002
-0.000001
0.000000
0.000001
0.000002
0.000002
0.000001
-0.000001
-0.000001
-0.000002
-0.000001
-0.000000
0.000001
0.000002
0.000002
0.000001
-0.000000
-0.000001
-0.000002
-0.000002
-0.000001
0.000000
0.000001
0.000002
0.000001
0.000000
-0.000001
-0.000001
-0.000002
-0.000001
-0.000000
0.000001
0.000002
0.000002
0.000001
-0.000000
-0.000001
-0.000002
-0.000001
-0.000001
0.000001
0.000001
0.000002
0.000001
0.000000
-0.000001
-0.000002
-0.000002
-0.000001
0.000000
0.000001
0.000002
0.000002
0.000001
-0.000000
-0.000001
-0.000002
-0.000001
-0.000001
0.000001
0.000002
0.000002
0.000001
0.000000
-0.000001
-0.000002
-0.000002
-0.000001
0.000000
0.000001
0.000002
0.000002
0.000001
-0.000000
-0.000002
-0.000002
-0.000002
-0.000001
0.000001
0.000002
0.000002
0.000001
0.000000
-0.000001
-0.000002
-0.000002
-0.000001
0.000000
0.000001
0.000002
0.000002
0.000001
-0.000000
-0.000002
-0.000002
-0.000002
-0.000001
0.000001
0.000002
0.000002
0.000001
0.000000
-0.000001
-0.000002
-0.000002
-0.000001
0.000000
0.000001
0.000002
0.000002
0.000001
-0.000000
-0.000002
-0.000002
-0.000002
-0.000001
0.000001
0.000002
0.000002
0.000001
0.000000
-0.000001
-0.000002
-0.000002
-0.000001
0.000000
0.000001
0.000002
0.000002
0.000001
-0.000000
-0.000001
-0.000002
-0.000001
-0.000000
0.000001
0.000002
0.000002
0.000001
0.000000
-0.000001
-0.000002
-0.000002
-0.000001
0.000000
0.000001
0.000002
0.000002
0.000001
-0.000001
-0.000002
-0.000002
-0.000001
-0.000000
0.000001
0.000002
0.000002
0.000001
-0.000000
-0.000001
-0.000002
-0.000002
-0.000001
0.000001
0.000001
0.000002
0.000001
0.000000
-0.000001
-0.000002
-0.000002
-0.000001
0.000000
0.000001
0.000002
0.000002
0.000001
-0.000000
-0.000001
-0.000002
-0.000002
-0.000001
0.000001
0.000002
0.000002
0.000001
0.000000
-0.000001
-0.000002
-0.000002
-0.000001
0.000000
0.000001
0.000002
0.000002
0.000001
-0.000001
-0.000002
-0.000002
-0.000002
-0.000000
0.000001
0.000002
0.000002
0.000001
0.000000
-0.000001
-0.000002
-0.000002
-0.000001
0.000000
0.000002
0.000002
0.000002
0.000001
-0.000001
-0.000002
-0.000002
-0.000002
-0.000000
0.000001
0.000002
0.000002
0.000001
-0.000000
-0.000001
-0.000002
-0.000002
-0.000001
0.000000
0.000002
0.000002
0.000002
0.000001
-0.000001
-0.000002
-0.000002
-0.000001
-0.000000
0.000001
0.000002
0.000002
0.000001
-0.000000
-0.000001
-0.000002
-0.000002
-0.000001
0.000000
0.000002
0.000002
0.000002
0.000000
-0.000001
-0.000002
-0.000002
-0.000001
-0.000000
0.000001
0.000002
0.000002
0.000001
-0.000000
-0.000001
-0.000002
-0.000002
-0.000001
0.000001
0.000002
0.000002
0.000001
0.000000
-0.000001
-0.000002
-0.000002
-0.000001
0.000000
0.000001
0.000002
0.000002
0.000001
-0.000000
-0.000001
-0.000002
-0.000001
-0.000000
0.000001
0.000002
0.000002
0.000001
0.000000
-0.000001
-0.000002
-0.000002
-0.000001
0.000000
0.000001
0.000002
0.000001
0.000000
-0.000001
-0.000002
-0.000002
-0.000001
-0.000000
0.000001
0.000002
0.000002
0.000001
-0.000000
-0.000001
-0.000002
-0.000002
-0.000001
0.000001
0.000002
0.000002
0.000001
0.000000
-0.000001
-0.000002
-0.000002
-0.000001
0.000000
0.000001
0.000002
0.000002
0.000001
-0.000000
-0.000001
-0.000002
-0.000001
-0.000000
0.000001
0.000002
0.000002
0.000001
0.000000
-0.000001
-0.000002
-0.000002
-0.000001
0.000000
0.000001
0.000002
0.000002
0.000001
-0.000001
-0.000002
-0.000002
-0.000001
-0.000000
0.000001
0.000002
0.000002
0.000001
-0.000000
-0.000001
-0.000002
-0.000002
-0.000001
0.000000
0.000002
0.000002
0.000002
0.000000
-0.000001
-0.000002
-0.000002
-0.000001
-0.000000
0.000001
0.000002
0.000002
0.000001
-0.000000
-0.000001
-0.000002
-0.000002
-0.000001
0.000001
0.000002
0.000002
0.000001
0.000000
-0.000001
-0.000002
-0.000002
-0.000001
-0.000000
0.000001
0.000002
0.000002
0.000001
-0.000000
-0.000001
-0.000002
-0.000002
-0.000001
0.000001
0.000002
0.000002
0.000001
0.000000
-0.000001
-0.000002
-0.000002
-0.000001
0.000000
0.000001
0.000002
0.000002
0.000001
-0.000000
-0.000001
-0.000002
-0.000001
-0.000000
0.000001
0.000002
0.000002
0.000001
0.000000
-0.000001
-0.000002
-0.000002
-0.000001
0.000000
0.000001
0.000002
0.000001
0.000000
-0.000001
-0.000002
-0.000002
-0.000001
-0.000000
0.000001
0.000002
0.000002
0.000001
-0.000000
-0.000001
-0.000002
-0.000001
-0.000001
0.000001
0.000001
0.000002
0.000001
0.000000
-0.000001
-0.000002
-0.000002
-0.000001
0.000000
0.000001
0.000002
0.000002
0.000001
-0.000000
-0.000001
-0.000002
-0.000001
-0.000000
0.000001
0.000002
0.000002
0.000001
0.000000
-0.000001
-0.000002
-0.000002
-0.000001
0.000000
0.000001
0.000002
0.000001
0.000000
-0.000001
-0.000002
-0.000002
-0.000001
-0.000000
0.000001
0.000002
0.000002
0.000001
-0.000000
-0.000001
-0.000002
-0.000001
-0.000001
0.000001
0.000001
0.000002
0.000001
0.000000
-0.000001
-0.000002
-0.000002
-0.000001
0.000000
0.000001
0.000002
0.000002
0.000001
-0.000000
-0.000001
-0.000002
-0.000001
-0.000000
0.000001
0.000002
0.000002
0.000001
0.000000
-0.000001
-0.000002
-0.000002
-0.000001
0.000000
0.000001
0.000002
0.000002
0.000001
-0.000001
-0.000002
-0.000002
-0.000001
-0.000000
0.000001
0.000002
0.000002
0.000001
-0.000000
-0.000001
-0.000002
-0.000002
-0.000001
0.000001
0.000002
0.000002
0.000001
0.000000
-0.000001
-0.000002
-0.000002
-0.000001
0.000000
0.000001
0.000002
0.000002
0.000001
-0.000000
-0.000001
-0.000002
-0.000001
-0.000000
0.000001
0.000002
0.000002
0.000001
0.000000
-0.000001
-0.000002
-0.000002
-0.000001
0.000000
0.000001
0.000002
0.000002
0.000001
-0.000001
-0.000002
-0.000002
-0.000001
-0.000000
0.000001
0.000002
0.000002
0.000001
-0.000000
-0.000001
-0.000002
-0.000002
-0.000001
0.000000
0.000001
0.000002
0.000001
0.000000
-0.000001
-0.000002
-0.000002
-0.000001
-0.000000
0.000001
0.000002
0.000002
0.000001
-0.000000
-0.000001
-0.000002
-0.000001
-0.000000
0.000001
0.000002
0.000002
0.000001
0.000000
-0.000001
-0.000002
-0.000002
-0.000001
0.000000
0.000001
0.000002
0.000001
0.000001
-0.000001
-0.000002
-0.000002
-0.000001
-0.000000
0.000001
0.000002
0.000002
0.000001
-0.000000
-0.000001
-0.000002
-0.000002
-0.000001
0.000001
0.000001
0.000002
0.000001
0.000000
-0.000001
-0.000002
-0.000002
-0.000001
0.000000
0.000001
0.000002
0.000002
0.000001
-0.000000
-0.000001
-0.000002
-0.000001
-0.000000
0.000001
0.000002
0.000002
0.000001
0.000000
-0.000001
-0.000002
-0.000002
-0.000001
0.000000
0.000001
0.000002
0.000001
0.000000
-0.000001
-0.000002
-0.000002
-0.000001
-0.000000
0.000001
0.000002
0.000002
0.000001
-0.000000
-0.000001
-0.000002
-0.000001
-0.000000
0.000001
0.000002
0.000002
0.000001
0.000000
-0.000001
-0.000002
-0.000002
-0.000001
0.000000
0.000001
0.000002
0.000001
0.000001
-0.000001
-0.000001
-0.000002
-0.000001
-0.000000
0.000001
0.000002
0.000002
0.000001
-0.000000
-0.000001
-0.000002
-0.000002
-0.000001
0.000001
0.000001
0.000002
0.000001
0.000000
-0.000001
-0.000002
-0.000002
-0.000001
0.000000
0.000001
0.000002
0.000002
0.000001
-0.000000
-0.000001
-0.000002
-0.000001
-0.000000
0.000001
0.000002
0.000002
0.000001
-0.000000
-0.000001
-0.000002
-0.000002
-0.000001
0.000000
0.000001
0.000002
0.000001
0.000000
-0.000001
-0.000002
-0.000002
-0.000001
-0.000000
0.000001
0.000002
0.000002
0.000001
-0.000000
-0.000001
-0.000002
-0.000001
-0.000000
0.000001
0.000002
0.000002
0.000001
0.000000
-0.000001
-0.000002
-0.000002
-0.000001
0.000000
0.000001
0.000002
0.000002
0.000001
-0.000001
-0.000002
-0.000002
-0.000001
-0.000000
0.000001
0.000002
0.000002
0.000001
-0.000000
-0.000001
-0.000002
-0.000002
-0.000001
0.000001
0.000001
0.000002
0.000001
0.000000
-0.000001
-0.000002
-0.000002
-0.000001
0.000000
0.000001
0.000002
0.000002
0.000001
-0.000000
-0.000001
-0.000002
-0.000001
-0.000000
0.000001
0.000002
0.000002
0.000001
0.000000
-0.000001
-0.000002
-0.000002
-0.000001
0.000000
0.000001
0.000002
0.000001
0.000000
-0.000001
-0.000002
-0.000002
-0.000001
-0.000000
0.000001
0.000002
0.000002
0.000001
-0.000000
-0.000001
-0.000002
-0.000001
-0.000001
0.000001
0.000001
0.000002
0.000001
0.000000
-0.000001
-0.000002
-0.000002
-0.000001
0.000000
0.000001
0.000002
0.000001
0.000001
-0.000001
-0.000001
-0.000002
-0.000001
-0.000000
0.000001
0.000002
0.000002
0.000001
-0.000000
-0.000001
-0.000002
-0.000002
-0.000001
0.000000
0.000001
0.000002
0.000001
0.000000
-0.000001
-0.000002
-0.000002
-0.000001
0.000000
0.000001
0.000002
0.000001
0.000001
-0.000000
-0.000001
-0.000002
-0.000001
-0.000000
0.000001
0.000001
0.000002
0.000001
0.000000
-0.000001
-0.000002
-0.000001
-0.000001
0.000000
0.000001
0.000002
0.000001
0.000000
-0.000001
-0.000001
-0.000002
-0.000001
-0.000000
0.000001
0.000002
0.000001
0.000001
-0.000000
-0.000001
-0.000002
-0.000001
-0.000000
0.000001
0.000001
0.000002
0.000001
0.000000
-0.000001
-0.000001
-0.000001
-0.000001
0.000000
0.000001
0.000002
0.000001
0.000000
-0.000001
-0.000001
-0.000002
-0.000001
-0.000000
0.000001
0.000001
0.000001
0.000001
-0.000000
-0.000001
-0.000002
-0.000001
-0.000000
0.000001
0.000001
0.000002
0.000001
0.000000
-0.000001
-0.000001
-0.000001
-0.000001
0.000000
0.000001
0.000002
0.000001
0.000000
-0.000001
-0.000001
-0.000002
-0.000001
-0.000000
0.000001
0.000001
0.000001
0.000001
-0.000000
-0.000001
-0.000002
-0.000001
-0.000000
0.000001
0.000001
0.000002
0.000001
0.000000
-0.000001
-0.000001
-0.000001
-0.000001
0.000000
0.000001
0.000002
0.000001
0.000001
-0.000001
-0.000001
-0.000002
-0.000001
-0.000000
0.000001
0.000001
0.000002
0.000001
-0.000000
-0.000001
-0.000002
-0.000001
-0.000001
0.000000
0.000001
0.000002
0.000001
0.000000
-0.000001
-0.000002
-0.000002
-0.000001
0.000000
0.000001
0.000002
0.000001
0.000001
-0.000000
-0.000001
-0.000002
-0.000001
-0.000000
0.000001
0.000002
0.000002
0.000001
-0.000000
-0.000001
-0.000002
-0.000001
-0.000001
0.000000
0.000001
0.000002
0.000001
0.000000
-0.000001
-0.000002
-0.000002
-0.000001
-0.000000
0.000001
0.000002
0.000002
0.000001
-0.000000
-0.000001
-0.000002
-0.000001
-0.000000
0.000001
0.000001
0.000002
0.000001
0.000000
-0.000001
-0.000002
-0.000002
-0.000001
0.000000
0.000001
0.000002
0.000001
0.000001
-0.000001
-0.000001
-0.000002
-0.000001
-0.000000
0.000001
0.000002
0.000002
0.000001
-0.000000
-0.000001
-0.000002
-0.000001
-0.000001
0.000000
0.000001
0.000002
0.000001
0.000000
-0.000001
-0.000001
-0.000002
-0.000001
0.000000
0.000001
0.000002
0.000001
0.000001
-0.000000
-0.000001
-0.000002
-0.000001
-0.000000
0.000001
0.000001
0.000002
0.000001
0.000000
-0.000001
-0.000002
-0.000001
-0.000001
0.000000
0.000001
0.000002
0.000001
0.000000
-0.000001
-0.000001
-0.000002
-0.000001
-0.000000
0.000001
0.000001
0.000001
0.000001
-0.000000
-0.000001
-0.000002
-0.000001
-0.000000
0.000001
0.000001
0.000001
0.000001
0.000000
-0.000001
-0.000001
-0.000001
-0.000001
0.000000
0.000001
0.000001
0.000001
0.000000
-0.000000
-0.000001
-0.000001
-0.000001
-0.000000
0.000001
0.000001
0.000001
0.000001
-0.000000
-0.000001
-0.000001
-0.000001
-0.000000
0.000000
0.000001
0.000001
0.000001
0.000000
-0.000001
-0.000001
-0.000001
-0.000001
0.000000
0.000001
0.000001
0.000001
0.000000
-0.000000
-0.000001
-0.000001
-0.000001
-0.000000
0.000001
0.000001
0.000001
0.000001
-0.000000
-0.000001
-0.000001
-0.000001
-0.000000
0.000000
0.000001
0.000001
0.000001
0.000000
-0.000001
-0.000001
-0.000001
-0.000001
0.000000
0.000001
0.000001
0.000001
0.000000
-0.000000
-0.000001
-0.000001
-0.000001
-0.000000
0.000001
0.000001
0.000001
0.000001
-0.000000
-0.000001
-0.000001
-0.000001
-0.000000
0.000001
0.000001
0.000001
0.000001
0.000000
-0.000001
-0.000001
-0.000001
-0.000001
0.000000
0.000001
0.000001
0.000001
0.000000
-0.000001
-0.000001
-0.000001
-0.000001
-0.000000
0.000001
0.000001
0.000001
0.000001
-0.000000
-0.000001
-0.000001
-0.000001
-0.000000
0.000001
0.000001
0.000001
0.000001
-0.000000
-0.000001
-0.000001
-0.000001
-0.000001
0.000000
0.000001
0.000001
0.000001
0.000000
-0.000001
-0.000001
-0.000001
-0.000001
-0.000000
0.000001
0.000001
0.000001
0.000001
-0.000000
-0.000001
-0.000001
-0.000001
-0.000000
0.000001
0.000001
0.000001
0.000001
0.000000
-0.000001
-0.000001
-0.000001
-0.000001
0.000000
0.000001
0.000002
0.000001
0.000000
-0.000001
-0.000001
-0.000002
-0.000001
-0.000000
0.000001
0.000002
0.000001
0.000001
-0.000000
-0.000001
-0.000002
-0.000001
-0.000000
0.000001
0.000001
0.000002
0.000001
0.000000
-0.000001
-0.000002
-0.000001
-0.000001
0.000000
0.000001
0.000002
0.000001
0.000000
-0.000001
-0.000001
-0.000002
-0.000001
-0.000000
0.000001
0.000002
0.000002
0.000001
-0.000000
-0.000001
-0.000002
-0.000001
-0.000001
0.000001
0.000001
0.000002
0.000001
0.000000
-0.000001
-0.000002
-0.000002
-0.000001
0.000000
0.000001
0.000002
0.000001
0.000001
-0.000000
-0.000001
-0.000002
-0.000001
-0.000000
0.000001
0.000002
0.000002
0.000001
-0.000000
-0.000001
-0.000002
-0.000002
-0.000001
0.000000
0.000001
0.000002
0.000001
0.000000
-0.000001
-0.000001
-0.000002
-0.000001
-0.000000
0.000001
0.000002
0.000002
0.000001
-0.000000
-0.000001
-0.000002
-0.000001
-0.000000
0.000001
0.000001
0.000002
0.000001
0.000000
-0.000001
-0.000002
-0.000002
-0.000001
0.000000
0.000001
0.000002
0.000001
0.000001
-0.000001
-0.000001
-0.000002
-0.000001
-0.000000
0.000001
0.000001
0.000001
0.000001
-0.000000
-0.000001
-0.000002
-0.000001
-0.000001
0.000000
0.000001
0.000002
0.000001
0.000000
-0.000001
-0.000001
-0.000001
-0.000001
0.000000
0.000001
0.000001
0.000001
0.000001
-0.000000
-0.000001
-0.000001
-0.000001
-0.000000
0.000001
0.000001
0.000001
0.000001
-0.000000
-0.000001
-0.000001
-0.000001
-0.000001
0.000000
0.000001
0.000001
0.000001
0.000000
-0.000001
-0.000001
-0.000001
-0.000001
0.000000
0.000001
0.000001
0.000001
0.000000
-0.000000
-0.000001
-0.000001
-0.000001
-0.000000
0.000001
0.000001
0.000001
0.000001
-0.000000
-0.000001
-0.000001
-0.000001
-0.000000
0.000000
0.000001
0.000001
0.000001
0.000000
-0.000001
-0.000001
-0.000001
-0.000001
0.000000
0.000001
0.000001
0.000001
0.000000
-0.000000
-0.000001
-0.000001
-0.000001
-0.000000
0.000001
0.000001
0.000001
0.000001
-0.000000
-0.000001
-0.000001
-0.000001
-0.000000
0.000000
0.000001
0.000001
0.000001
0.000000
-0.000001
-0.000001
-0.000001
-0.000000
0.000000
0.000001
0.000001
0.000001
0.000000
-0.000001
-0.000001
-0.000001
-0.000001
0.000000
0.000001
0.000001
0.000001
0.000000
-0.000000
-0.000001
-0.000001
-0.000001
-0.000000
0.000001
0.000001
0.000001
0.000001
-0.000000
-0.000001
-0.000001
-0.000001
-0.000000
0.000000
0.000001
0.000001
0.000001
0.000000
-0.000001
-0.000001
-0.000001
-0.000001
0.000000
0.000001
0.000001
0.000001
0.000000
-0.000001
-0.000001
-0.000001
-0.000001
0.000000
0.000001
0.000001
0.000001
0.000000
-0.000000
-0.000001
-0.000001
-0.000001
-0.000000
0.000001
0.000001
0.000001
0.000001
-0.000000
-0.000001
-0.000001
-0.000001
-0.000000
0.000000
0.000001
0.000001
0.000001
0.000000
-0.000001
-0.000001
-0.000001
-0.000001
0.000000
0.000001
0.000001
0.000001
0.000001
-0.000000
-0.000001
-0.000001
-0.000001
-0.000000
0.000001
0.000001
0.000001
0.000001
-0.000000
-0.000001
-0.000001
-0.000001
-0.000001
0.000000
0.000001
0.000001
0.000001
0.000000
-0.000001
-0.000001
-0.000001
-0.000001
0.000000
0.000001
0.000001
0.000001
0.000001
-0.000000
-0.000001
-0.000001
-0.000001
-0.000000
0.000001
0.000001
0.000001
0.000001
-0.000000
-0.000001
-0.000001
-0.000001
-0.000001
0.000000
0.000001
0.000002
0.000001
0.000000
-0.000001
-0.000001
-0.000002
-0.000001
0.000000
0.000001
0.000002
0.000001
0.000001
-0.000000
-0.000001
-0.000002
-0.000001
-0.000000
0.000001
0.000001
0.000002
0.000001
0.000000
-0.000001
-0.000002
-0.000001
-0.000001
0.000000
0.000001
0.000002
0.000001
0.000000
-0.000001
-0.000001
-0.000002
-0.000001
-0.000000
0.000001
0.000002
0.000002
0.000001
-0.000000
-0.000001
-0.000002
-0.000001
-0.000000
0.000001
0.000001
0.000002
0.000001
0.000000
-0.000001
-0.000002
-0.000002
-0.000001
0.000000
0.000001
0.000002
0.000001
0.000001
-0.000001
-0.000001
-0.000002
-0.000001
-0.000000
0.000001
0.000002
0.000002
0.000001
-0.000000
-0.000001
-0.000002
-0.000001
-0.000001
0.000000
0.000001
0.000002
0.000001
0.000000
-0.000001
-0.000001
-0.000002
-0.000001
0.000000
0.000001
0.000002
0.000001
0.000001
-0.000000
-0.000001
-0.000002
-0.000001
-0.000000
0.000001
0.000001
0.000002
0.000001
-0.000000
-0.000001
-0.000001
-0.000001
-0.000001
0.000000
0.000001
0.000002
0.000001
0.000000
-0.000001
-0.000001
-0.000001
-0.000001
-0.000000
0.000001
0.000001
0.000001
0.000001
-0.000000
-0.000001
-0.000001
-0.000001
-0.000000
0.000001
0.000001
0.000001
0.000001
0.000000
-0.000001
-0.000001
-0.000001
-0.000001
0.000000
0.000001
0.000001
0.000001
0.000000
-0.000000
-0.000001
-0.000001
-0.000001
-0.000000
0.000001
0.000001
0.000001
0.000001
-0.000000
-0.000001
-0.000001
-0.000001
-0.000000
0.000000
0.000001
0.000001
0.000001
0.000000
-0.000001
-0.000001
-0.000001
-0.000001
0.000000
0.000001
0.000001
0.000001
0.000000
-0.000000
-0.000001
-0.000001
-0.000001
-0.000000
0.000001
0.000001
0.000001
0.000001
-0.000000
-0.000001
-0.000001
-0.000001
-0.000000
0.000000
0.000001
0.000001
0.000001
0.000000
-0.000001
-0.000001
-0.000001
-0.000000
0.000000
0.000001
0.000001
0.000001
0.000000
-0.000000
-0.000001
-0.000001
-0.000001
0.000000
0.000001
0.000001
0.000001
0.000000
-0.000000
-0.000001
-0.000001
-0.000001
-0.000000
0.000000
0.000001
0.000001
0.000000
-0.000000
-0.000001
-0.000001
-0.000001
-0.000000
0.000000
0.000001
0.000001
0.000001
0.000000
-0.000000
-0.000001
-0.000001
-0.000000
0.000000
0.000001
0.000001
0.000001
0.000000
-0.000000
-0.000001
-0.000001
-0.000000
0.000000
0.000001
0.000001
0.000001
0.000000
-0.000000
-0.000001
-0.000001
-0.000001
-0.000000
0.000000
0.000001
0.000001
0.000000
-0.000000
-0.000001
-0.000001
-0.000001
-0.000000
0.000000
0.000001
0.000001
0.000001
-0.000000
-0.000001
-0.000001
-0.000001
-0.000000
0.000000
0.000001
0.000001
0.000001
0.000000
-0.000000
-0.000001
-0.000001
-0.000000
0.000000
0.000001
0.000001
0.000001
0.000000
-0.000000
-0.000001
-0.000001
-0.000001
-0.000000
0.000001
0.000001
0.000001
0.000000
-0.000000
-0.000001
-0.000001
-0.000001
-0.000000
0.000000
0.000001
0.000001
0.000001
-0.000000
-0.000001
-0.000001
-0.000001
-0.000000
0.000000
0.000001
0.000001
0.000001
0.000000
-0.000000
-0.000001
-0.000001
-0.000001
0.000000
0.000001
0.000001
0.000001
0.000000
-0.000000
-0.000001
-0.000001
-0.000001
-0.000000
0.000001
0.000001
0.000001
0.000001
-0.000000
-0.000001
-0.000001
-0.000001
-0.000000
0.000000
0.000001
0.000001
0.000001
0.000000
-0.000001
-0.000001
-0.000001
-0.000001
0.000000
0.000001
0.000001
0.000001
0.000000
-0.000000
-0.000001
-0.000001
-0.000001
-0.000000
0.000001
0.000001
0.000001
0.000001
-0.000000
-0.000001
-0.000001
-0.000001
-0.000000
0.000000
0.000001
0.000001
0.000001
0.000000
-0.000001
-0.000001
-0.000001
-0.000001
0.000000
0.000001
0.000001
0.000001
0.000000
-0.000000
-0.000001
-0.000001
-0.000001
-0.000000
0.000001
0.000001
0.000001
0.000001
-0.000000
-0.000001
-0.000001
-0.000001
-0.000001
0.000000
0.000001
0.000001
0.000001
0.000000
-0.000001
-0.000001
-0.000001
-0.000001
0.000000
0.000001
0.000001
0.000001
0.000001
-0.000000
-0.000001
-0.000001
-0.000001
-0.000000
0.000001
0.000001
0.000001
0.000001
-0.000000
-0.000001
-0.000001
-0.000001
-0.000001
0.000000
0.000001
0.000001
0.000001
0.000000
-0.000001
-0.000001
-0.000001
-0.000001
-0.000000
0.000001
0.000001
0.000001
0.000001
-0.000000
-0.000001
-0.000001
-0.000001
-0.000000
0.000001
0.000001
0.000001
0.000001
0.000000
-0.000001
-0.000001
-0.000001
-0.000001
0.000000
0.000001
0.000001
0.000001
0.000000
-0.000001
-0.000001
-0.000001
-0.000001
-0.000000
0.000001
0.000001
0.000001
0.000001
-0.000000
-0.000001
-0.000001
-0.000001
-0.000000
0.000000
0.000001
0.000001
0.000001
0.000000
-0.000001
-0.000001
-0.000001
-0.000001
0.000000
0.000001
0.000001
0.000001
0.000001
-0.000000
-0.000001
-0.000001
-0.000001
-0.000000
0.000001
0.000001
0.000001
0.000001
-0.000000
-0.000001
-0.000001
-0.000001
-0.000001
0.000000
0.000001
0.000001
0.000001
0.000000
-0.000001
-0.000001
-0.000001
-0.000001
0.000000
0.000001
0.000001
0.000001
0.000001
-0.000000
-0.000001
-0.000001
-0.000001
-0.000000
0.000001
0.000001
0.000001
0.000001
0.000000
-0.000001
-0.000001
-0.000001
-0.000001
0.000000
0.000001
0.000001
0.000001
0.000000
-0.000001
-0.000001
-0.000001
-0.000001
-0.000000
0.000001
0.000001
0.000001
0.000001
-0.000000
-0.000001
-0.000001
-0.000001
-0.000000
0.000000
0.000001
0.000001
0.000001
0.000000
-0.000001
-0.000001
-0.000001
-0.000001
0.000000
0.000001
0.000001
0.000001
0.000000
-0.000000
-0.000001
-0.000001
-0.000001
-0.000000
0.000001
0.000001
0.000001
0.000001
-0.000000
-0.000001
-0.000001
-0.000001
-0.000000
0.000000
0.000001
0.000001
0.000001
0.000000
-0.000001
-0.000001
-0.000001
-0.000001
0.000000
0.000001
0.000001
0.000001
0.000000
-0.000000
-0.000001
-0.000001
-0.000001
-0.000000
0.000001
0.000001
0.000001
0.000000
-0.000000
-0.000001
-0.000001
-0.000001
-0.000000
0.000000
0.000001
0.000001
0.000001
0.000000
-0.000001
-0.000001
-0.000001
-0.000000
0.000000
0.000001
0.000001
0.000001
0.000000
-0.000000
-0.000001
-0.000001
-0.000001
-0.000000
0.000000
0.000001
0.000001
0.000000
-0.000000
-0.000001
-0.000001
-0.000001
-0.000000
0.000000
0.000001
0.000001
0.000000
-0.000000
-0.000000
-0.000001
-0.000001
-0.000000
0.000000
0.000001
0.000001
0.000000
0.000000
-0.000000
-0.000001
-0.000001
-0.000000
0.000000
0.000000
0.000001
0.000001
0.000000
-0.000000
-0.000001
-0.000001
-0.000000
-0.000000
0.000000
0.000001
0.000001
0.000000
-0.000000
-0.000000
-0.000001
-0.000000
-0.000000
0.000000
0.000001
0.000001
0.000000
-0.000000
-0.000000
-0.000001
-0.000000
-0.000000
0.000000
0.000000
0.000001
0.000000
-0.000000
-0.000000
-0.000001
-0.000000
-0.000000
0.000000
0.000000
0.000001
0.000000
0.000000
-0.000000
-0.000001
-0.000000
-0.000000
0.000000
0.000000
0.000001
0.000000
0.000000
-0.000000
-0.000001
-0.000001
-0.000000
0.000000
0.000000
0.000001
0.000000
0.000000
-0.000000
-0.000001
-0.000001
-0.000000
0.000000
0.000000
0.000001
0.000001
0.000000
-0.000000
-0.000000
-0.000001
-0.000000
-0.000000
0.000000
0.000001
0.000001
0.000000
-0.000000
-0.000000
-0.000001
-0.000001
-0.000000
0.000000
0.000001
0.000001
0.000000
0.000000
-0.000000
-0.000001
-0.000001
-0.000000
0.000000
0.000001
0.000001
0.000001
0.000000
-0.000000
-0.000001
-0.000001
-0.000000
0.000000
0.000001
0.000001
0.000001
0.000000
-0.000000
-0.000001
-0.000001
-0.000001
-0.000000
0.000000
0.000001
0.000001
0.000000
-0.000000
-0.000001
-0.000001
-0.000001
-0.000000
0.000000
0.000001
0.000001
0.000001
0.000000
-0.000000
-0.000001
-0.000001
-0.000000
0.000000
0.000001
0.000001
0.000001
0.000000
-0.000000
-0.000001
-0.000001
-0.000001
-0.000000
0.000001
0.000001
0.000001
0.000000
-0.000000
-0.000001
-0.000001
-0.000001
-0.000000
0.000000
0.000001
0.000001
0.000001
0.000000
-0.000001
-0.000001
-0.000001
-0.000001
0.000000
0.000001
0.000001
0.000001
0.000000
-0.000000
-0.000001
-0.000001
-0.000001
-0.000000
0.000001
0.000001
0.000001
0.000001
-0.000000
-0.000001
-0.000001
-0.000001
-0.000000
0.000000
0.000001
0.000001
0.000001
0.000000
-0.000001
-0.000001
-0.000001
-0.000001
0.000000
0.000001
0.000001
0.000001
0.000000
-0.000000
-0.000001
-0.000001
-0.000001
-0.000000
0.000001
0.000001
0.000001
0.000001
-0.000000
-0.000001
-0.000001
-0.000001
-0.000000
0.000000
0.000001
0.000001
0.000001
0.000000
-0.000001
-0.000001
-0.000001
-0.000001
0.000000
0.000001
0.000001
0.000001
0.000000
-0.000000
-0.000001
-0.000001
-0.000001
-0.000000
0.000001
0.000001
0.000001
0.000001
-0.000000
-0.000001
-0.000001
-0.000001
-0.000000
0.000000
0.000001
0.000001
0.000001
0.000000
-0.000001
-0.000001
-0.000001
-0.000001
0.000000
0.000001
0.000001
0.000001
0.000000
-0.000000
-0.000001
-0.000001
-0.000001
-0.000000
0.000001
0.000001
0.000001
0.000001
-0.000000
-0.000001
-0.000001
-0.000001
-0.000001
0.000000
0.000001
0.000001
0.000001
0.000000
-0.000001
-0.000001
-0.000001
-0.000001
0.000000
0.000001
0.000001
0.000001
0.000001
-0.000000
-0.000001
-0.000001
-0.000001
-0.000000
0.000001
0.000001
0.000001
0.000001
-0.000000
-0.000001
-0.000001
-0.000001
-0.000001
0.000000
0.000001
0.000001
0.000001
0.000000
-0.000001
-0.000001
-0.000001
-0.000001
0.000000
0.000001
0.000001
0.000001
0.000001
-0.000000
-0.000001
-0.000001
-0.000001
-0.000000
0.000001
0.000001
0.000001
0.000001
0.000000
-0.000001
-0.000001
-0.000001
-0.000001
0.000000
0.000001
0.000001
0.000001
0.000000
-0.000001
-0.000001
-0.000001
-0.000001
-0.000000
0.000001
0.000001
0.000001
0.000001
-0.000000
-0.000001
-0.000001
-0.000001
-0.000000
0.000001
0.000001
0.000001
0.000001
0.000000
-0.000001
-0.000001
-0.000001
-0.000001
0.000000
0.000001
0.000001
0.000001
0.000000
-0.000001
-0.000001
-0.000001
-0.000001
-0.000000
0.000001
0.000001
0.000001
0.000001
-0.000000
-0.000001
-0.000001
-0.000001
-0.000000
0.000000
0.000001
0.000001
0.000001
0.000000
-0.000001
-0.000001
-0.000001
-0.000001
0.000000
0.000001
0.000001
0.000001
0.000000
-0.000000
-0.000001
-0.000001
-0.000001
-0.000000
0.000001
0.000001
0.000001
0.000001
-0.000000
-0.000001
-0.000001
-0.000001
-0.000000
0.000000
0.000001
0.000001
0.000001
0.000000
-0.000001
-0.000001
-0.000001
-0.000001
0.000000
0.000001
0.000001
0.000001
0.000000
-0.000000
-0.000001
-0.000001
-0.000001
-0.000000
0.000001
0.000001
0.000001
0.000001
-0.000000
-0.000001
-0.000001
-0.000001
-0.000000
0.000000
0.000001
0.000001
0.000001
0.000000
-0.000001
-0.000001
-0.000001
-0.000001
0.000000
0.000001
0.000001
0.000001
0.000000
-0.000000
-0.000001
-0.000001
-0.000001
-0.000000
0.000001
0.000001
0.000001
0.000001
-0.000000
-0.000001
-0.000001
-0.000001
-0.000000
0.000000
0.000001
0.000001
0.000001
0.000000
-0.000000
-0.000001
-0.000001
-0.000000
0.000000
0.000001
0.000001
0.000001
0.000000
-0.000000
-0.000001
-0.000001
-0.000001
-0.000000
0.000000
0.000001
0.000001
0.000000
-0.000000
-0.000001
-0.000001
-0.000001
-0.000000
0.000000
0.000001
0.000001
0.000000
0.000000
-0.000000
-0.000001
-0.000001
-0.000000
0.000000
0.000001
0.000001
0.000001
0.000000
-0.000000
-0.000001
-0.000001
-0.000000
0.000000
0.000000
0.000001
0.000001
0.000000
-0.000000
-0.000001
-0.000001
-0.000000
-0.000000
0.000000
0.000001
0.000001
0.000000
-0.000000
-0.000000
-0.000001
-0.000001
-0.000000
0.000000
0.000000
0.000001
0.000000
0.000000
-0.000000
-0.000001
-0.000001
-0.000000
0.000000
0.000000
0.000001
0.000000
0.000000
-0.000000
-0.000000
-0.000000
-0.000000
-0.000000
0.000000
0.000000
0.000000
0.000000
-0.000000
-0.000000
-0.000000
-0.000000
-0.000000
0.000000
0.000000
0.000000
0.000000
-0.000000
-0.000000
-0.000000
-0.000000
-0.000000
0.000000
0.000000
0.000000
0.000000
0.000000
-0.000000
-0.000000
-0.000000
-0.000000
0.000000
0.000000
0.000000
0.000000
0.000000
-0.000000
-0.000000
-0.000000
-0.000000
0.000000
0.000000
0.000000
0.000000
0.000000
-0.000000
-0.000000
-0.000000
-0.000000
0.000000
0.000000
0.000000
0.000000
0.000000
-0.000000
-0.000000
-0.000000
-0.000000
0.000000
0.000000
0.000000
0.000000
0.000000
-0.000000
-0.000000
-0.000000
-0.000000
0.000000
0.000000
0.000000
0.000000
0.000000
-0.000000
-0.000000
-0.000000
-0.000000
0.000000
0.000000
0.000000
0.000000
0.000000
-0.000000
-0.000000
-0.000000
-0.000000
-0.000000
0.000000
0.000000
0.000000
0.000000
-0.000000
-0.000000
-0.000000
-0.000000
-0.000000
0.000000
0.000000
0.000000
0.000000
-0.000000
-0.000000
-0.000000
-0.000000
-0.000000
0.000000
0.000000
0.000001
0.000000
0.000000
-0.000000
-0.000001
-0.000000
-0.000000
0.000000
0.000000
0.000001
0.000000
0.000000
-0.000000
-0.000001
-0.000001
-0.000000
0.000000
0.000000
0.000001
0.000001
0.000000
-0.000000
-0.000001
-0.000001
-0.000000
-0.000000
0.000000
0.000001
0.000001
0.000000
-0.000000
-0.000000
-0.000001
-0.000001
-0.000000
0.000000
0.000001
0.000001
0.000001
0.000000
-0.000000
-0.000001
-0.000001
-0.000000
0.000000
0.000001
0.000001
0.000001
0.000000
-0.000000
-0.000001
-0.000001
-0.000001
-0.000000
0.000000
0.000001
0.000001
0.000000
-0.000000
-0.000001
-0.000001
-0.000001
-0.000000
0.000000
0.000001
0.000001
0.000001
0.000000
-0.000000
-0.000001
-0.000001
-0.000001
0.000000
0.000001
0.000001
0.000001
0.000000
-0.000000
-0.000001
-0.000001
-0.000001
-0.000000
0.000001
0.000001
0.000001
0.000001
-0.000000
-0.000001
-0.000001
-0.000001
-0.000000
0.000000
0.000001
0.000001
0.000001
0.000000
-0.000001
-0.000001
-0.000001
-0.000001
0.000000
0.000001
0.000001
0.000001
0.000000
-0.000000
-0.000001
-0.000001
-0.000001
-0.000000
0.000001
0.000001
0.000001
0.000001
-0.000000
-0.000001
-0.000001
-0.000001
-0.000000
0.000000
0.000001
0.000001
0.000001
0.000000
-0.000001
-0.000001
-0.000001
-0.000001
0.000000
0.000001
0.000001
0.000001
0.000000
-0.000000
-0.000001
-0.000001
-0.000001
-0.000000
0.000001
0.000001
0.000001
0.000001
-0.000000
-0.000001
-0.000001
-0.000001
-0.000000
0.000000
0.000001
0.000001
0.000001
0.000000
-0.000001
-0.000001
-0.000001
-0.000001
0.000000
0.000001
0.000001
0.000001
0.000000
-0.000000
-0.000001
-0.000001
-0.000001
-0.000000
0.000001
0.000001
0.000001
0.000001
-0.000000
-0.000001
-0.000001
-0.000001
-0.000000
0.000000
0.000001
0.000001
0.000001
0.000000
-0.000001
-0.000001
-0.000001
-0.000001
0.000000
0.000001
0.000001
0.000001
0.000000
-0.000000
-0.000001
-0.000001
-0.000001
-0.000000
0.000001
0.000001
0.000001
0.000001
-0.000000
-0.000001
-0.000001
-0.000001
-0.000000
0.000000
0.000001
0.000001
0.000001
0.000000
-0.000001
-0.000001
-0.000001
-0.000001
0.000000
0.000001
0.000001
0.000001
0.000000
-0.000000
-0.000001
-0.000001
-0.000001
-0.000000
0.000001
0.000001
0.000001
0.000001
-0.000000
-0.000001
-0.000001
-0.000001
-0.000000
0.000000
0.000001
0.000001
0.000001
0.000000
-0.000001
-0.000001
-0.000001
-0.000001
0.000000
0.000001
0.000001
0.000001
0.000000
-0.000000
-0.000001
-0.000001
-0.000001
-0.000000
0.000001
0.000001
0.000001
0.000001
-0.000000
-0.000001
-0.000001
-0.000001
-0.000000
0.000000
0.000001
0.000001
0.000001
0.000000
-0.000001
-0.000001
-0.000001
-0.000001
0.000000
0.000001
0.000001
0.000001
0.000000
-0.000000
-0.000001
-0.000001
-0.000001
-0.000000
0.000001
0.000001
0.000001
0.000001
-0.000000
-0.000001
-0.000001
-0.000001
-0.000000
0.000000
0.000001
0.000001
0.000001
0.000000
-0.000001
-0.000001
-0.000001
-0.000001
0.000000
0.000001
0.000001
0.000001
0.000000
-0.000000
-0.000001
-0.000001
-0.000001
-0.000000
0.000001
0.000001
0.000001
0.000001
-0.000000
-0.000001
-0.000001
-0.000001
-0.000000
0.000000
0.000001
0.000001
0.000001
0.000000
-0.000001
-0.000001
-0.000001
-0.000001
0.000000
0.000001
0.000001
0.000001
0.000000
-0.000000
-0.000001
-0.000001
-0.000001
-0.000000
0.000001
0.000001
0.000001
0.000001
-0.000000
-0.000001
-0.000001
-0.000001
-0.000000
0.000000
0.000001
0.000001
0.000001
0.000000
-0.000001
-0.000001
-0.000001
-0.000001
0.000000
0.000001
0.000001
0.000001
0.000000
-0.000000
-0.000001
-0.000001
-0.000001
-0.000000
0.000001
0.000001
0.000001
0.000001
-0.000000
-0.000001
-0.000001
-0.000001
-0.000000
0.000000
0.000001
0.000001
0.000001
0.000000
-0.000001
-0.000001
-0.000001
-0.000001
0.000000
0.000001
0.000001
0.000001
0.000000
-0.000000
-0.000001
-0.000001
-0.000001
-0.000000
0.000000
0.000001
0.000001
0.000001
-0.000000
-0.000001
-0.000001
-0.000001
-0.000000
0.000000
0.000001
0.000001
0.000001
0.000000
-0.000000
-0.000001
-0.000001
-0.000001
-0.000000
0.000001
0.000001
0.000001
0.000000
-0.000000
-0.000001
-0.000001
-0.000001
-0.000000
0.000000
0.000001
0.000001
0.000001
0.000000
-0.000001
-0.000001
-0.000001
-0.000000
0.000000
0.000001
0.000001
0.000001
0.000000
-0.000000
-0.000001
-0.000001
-0.000001
-0.000000
0.000001
0.000001
0.000001
0.000000
-0.000000
-0.000001
-0.000001
-0.000001
-0.000000
0.000000
0.000001
0.000001
0.000001
0.000000
-0.000000
-0.000001
-0.000001
-0.000000
0.000000
0.000001
0.000001
0.000001
0.000000
-0.000000
-0.000001
-0.000001
-0.000000
-0.000000
0.000000
0.000001
0.000001
0.000000
-0.000000
-0.000001
-0.000001
-0.000001
-0.000000
0.000000
0.000001
0.000001
0.000000
0.000000
-0.000000
-0.000001
-0.000001
-0.000000
0.000000
0.000000
0.000001
0.000000
0.000000
-0.000000
-0.000001
-0.000001
-0.000000
-0.000000
0.000000
0.000001
0.000001
0.000000
-0.000000
-0.000000
-0.000001
-0.000000
-0.000000
0.000000
0.000000
0.000000
0.000000
-0.000000
-0.000000
-0.000000
-0.000000
-0.000000
0.000000
0.000000
0.000000
0.000000
0.000000
-0.000000
-0.000000
-0.000000
-0.000000
0.000000
0.000000
0.000000
0.000000
0.000000
-0.000000
-0.000000
-0.000000
-0.000000
-0.000000
0.000000
0.000000
0.000000
0.000000
-0.000000
-0.000000
-0.000000
-0.000000
-0.000000
0.000000
0.000000
0.000000
0.000000
0.000000
-0.000000
-0.000000
-0.000000
-0.000000
0.000000
0.000000
0.000000
0.000000
0.000000
-0.000000
-0.000000
-0.000000
-0.000000
0.000000
0.000000
0.000000
0.000000
0.000000
-0.000000
-0.000000
-0.000000
-0.000000
0.000000
0.000000
0.000000
0.000000
0.000000
-0.000000
-0.000000
-0.000000
-0.000000
0.000000
0.000000
0.000000
0.000000
0.000000
-0.000000
-0.000000
-0.000000
-0.000000
0.000000
0.000000
0.000000
0.000000
0.000000
-0.000000
-0.000000
-0.000000
-0.000000
0.000000
0.000000
0.000000
0.000000
0.000000
-0.000000
-0.000000
-0.000000
-0.000000
0.000000
0.000000
0.000000
0.000000
0.000000
-0.000000
-0.000000
-0.000000
-0.000000
-0.000000
0.000000
0.000000
0.000000
0.000000
-0.000000
-0.000000
-0.000000
-0.000000
-0.000000
0.000000
0.000000
0.000000
0.000000
-0.000000
-0.000000
-0.000000
-0.000000
-0.000000
0.000000
0.000000
0.000000
0.000000
-0.000000
-0.000000
-0.000000
-0.000000
-0.000000
0.000000
0.000000
0.000000
0.000000
-0.000000
-0.000000
-0.000000
-0.000000
-0.000000
0.000000
0.000000
0.000000
0.000000
0.000000
-0.000000
-0.000000
-0.000000
-0.000000
0.000000
0.000000
0.000000
0.000000
0.000000
-0.000000
-0.000000
-0.000000
-0.000000
0.000000
0.000000
0.000000
0.000000
0.000000
-0.000000
-0.000000
-0.000000
-0.000000
-0.000000
0.000000
0.000000
0.000000
0.000000
-0.000000
-0.000000
-0.000000
-0.000000
-0.000000
0.000000
0.000000
0.000000
0.000000
-0.000000
-0.000000
-0.000000
-0.000000
-0.000000
0.000000
0.000000
0.000000
0.000000
0.000000
-0.000000
-0.000000
-0.000000
-0.000000
0.000000
0.000000
0.000000
0.000000
0.000000
-0.000000
-0.000000
-0.000000
-0.000000
-0.000000
0.000000
0.000000
0.000000
0.000000
-0.000000
-0.000000
-0.000000
-0.000000
-0.000000
0.000000
0.000000
0.000000
0.000000
-0.000000
-0.000000
-0.000000
-0.000000
-0.000000
0.000000
0.000000
0.000000
0.000000
0.000000
-0.000000
-0.000000
-0.000000
-0.000000
0.000000
0.000000
0.000001
0.000000
0.000000
-0.000000
-0.000000
-0.000001
-0.000000
-0.000000
0.000000
0.000001
0.000001
0.000000
-0.000000
-0.000000
-0.000001
-0.000000
-0.000000
0.000000
0.000001
0.000001
0.000000
0.000000
-0.000000
-0.000001
-0.000001
-0.000000
0.000000
0.000000
0.000001
0.000001
0.000000
-0.000000
-0.000001
-0.000001
-0.000000
-0.000000
0.000000
0.000001
0.000001
0.000000
-0.000000
-0.000001
-0.000001
-0.000001
-0.000000
0.000000
0.000001
0.000001
0.000000
-0.000000
-0.000000
-0.000001
-0.000001
-0.000000
0.000000
0.000001
0.000001
0.000001
0.000000
-0.000000
-0.000001
-0.000001
-0.000000
0.000000
0.000001
0.000001
0.000001
0.000000
-0.000000
-0.000001
-0.000001
-0.000001
-0.000000
0.000000
0.000001
0.000001
0.000001
-0.000000
-0.000001
-0.000001
-0.000001
-0.000000
0.000000
0.000001
0.000001
0.000001
0.000000
-0.000000
-0.000001
-0.000001
-0.000001
0.000000
0.000001
0.000001
0.000001
0.000000
-0.000000
-0.000001
-0.000001
-0.000001
-0.000000
0.000000
0.000001
0.000001
0.000001
-0.000000
-0.000001
-0.000001
-0.000001
-0.000000
0.000000
0.000001
0.000001
0.000001
0.000000
-0.000000
-0.000001
-0.000001
-0.000001
0.000000
0.000001
0.000001
0.000001
0.000000
-0.000000
-0.000001
-0.000001
-0.000001
-0.000000
0.000000
0.000001
0.000001
0.000001
-0.000000
-0.000001
-0.000001
-0.000001
-0.000000
0.000000
0.000001
0.000001
0.000001
0.000000
-0.000000
-0.000001
-0.000001
-0.000001
0.000000
0.000001
0.000001
0.000001
0.000000
-0.000000
-0.000001
-0.000001
-0.000001
-0.000000
0.000000
0.000001
0.000001
0.000001
-0.000000
-0.000001
-0.000001
-0.000001
-0.000001
0.000000
0.000001
0.000001
0.000001
0.000000
-0.000000
-0.000001
-0.000001
-0.000001
-0.000000
0.000001
0.000001
0.000001
0.000001
-0.000000
-0.000001
-0.000001
-0.000001
-0.000000
0.000000
0.000001
0.000001
0.000001
0.000000
-0.000001
-0.000001
-0.000001
-0.000001
0.000000
0.000001
0.000001
0.000001
0.000000
-0.000000
-0.000001
-0.000001
-0.000001
-0.000000
0.000001
0.000001
0.000001
0.000001
-0.000000
-0.000001
-0.000001
-0.000001
-0.000000
0.000000
0.000001
0.000001
0.000001
0.000000
-0.000001
-0.000001
-0.000001
-0.000001
0.000000
0.000001
0.000001
0.000001
0.000000
-0.000000
-0.000001
-0.000001
-0.000001
-0.000000
0.000001
0.000001
0.000001
0.000001
-0.000000
-0.000001
-0.000001
-0.000001
-0.000000
0.000000
0.000001
0.000001
0.000001
0.000000
-0.000001
-0.000001
-0.000001
-0.000001
0.000000
0.000001
0.000001
0.000001
0.000000
-0.000000
-0.000001
-0.000001
-0.000001
-0.000000
0.000001
0.000001
0.000001
0.000001
-0.000000
-0.000001
-0.000001
-0.000001
-0.000000
0.000000
0.000001
0.000001
0.000001
0.000000
-0.000001
-0.000001
-0.000001
-0.000001
0.000000
0.000001
0.000001
0.000001
0.000000
-0.000000
-0.000001
-0.000001
-0.000001
-0.000000
0.000001
0.000001
0.000001
0.000001
-0.000000
-0.000001
-0.000001
-0.000001
-0.000000
0.000000
0.000001
0.000001
0.000001
0.000000
-0.000001
-0.000001
-0.000001
-0.000000
0.000000
0.000001
0.000001
0.000001
0.000000
-0.000000
-0.000001
-0.000001
-0.000001
-0.000000
0.000001
0.000001
0.000001
0.000000
-0.000000
-0.000001
-0.000001
-0.000001
-0.000000
0.000000
0.000001
0.000001
0.000001
-0.000000
-0.000001
-0.000001
-0.000001
-0.000000
0.000000
0.000001
0.000001
0.000001
0.000000
-0.000000
-0.000001
-0.000001
-0.000001
0.000000
0.000001
0.000001
0.000001
0.000000
-0.000000
-0.000001
-0.000001
-0.000001
-0.000000
0.000000
0.000001
0.000001
0.000001
-0.000000
-0.000001
-0.000001
-0.000001
-0.000000
0.000000
0.000001
0.000001
0.000001
0.000000
-0.000000
-0.000001
-0.000001
-0.000001
0.000000
0.000001
0.000001
0.000001
0.000000
-0.000000
-0.000001
-0.000001
-0.000001
-0.000000
0.000001
0.000001
0.000001
0.000000
-0.000000
-0.000001
-0.000001
-0.000001
-0.000000
0.000000
0.000001
0.000001
0.000001
0.000000
-0.000001
-0.000001
-0.000001
-0.000000
0.000000
0.000001
0.000001
0.000001
0.000000
-0.000000
-0.000001
-0.000001
-0.000001
-0.000000
0.000001
0.000001
0.000001
0.000000
-0.000000
-0.000001
-0.000001
-0.000001
-0.000000
0.000000
0.000001
0.000001
0.000001
0.000000
-0.000001
-0.000001
-0.000001
-0.000000
0.000000
0.000001
0.000001
0.000001
0.000000
-0.000000
-0.000001
-0.000001
-0.000001
0.000000
0.000001
0.000001
0.000001
0.000000
-0.000000
-0.000001
-0.000001
-0.000001
-0.000000
0.000000
0.000001
0.000001
0.000001
-0.000000
-0.000001
-0.000001
-0.000001
-0.000000
0.000000
0.000001
0.000001
0.000001
0.000000
-0.000000
-0.000001
-0.000001
-0.000000
0.000000
0.000001
0.000001
0.000001
0.000000
-0.000000
-0.000001
-0.000001
-0.000001
-0.000000
0.000000
0.000001
0.000001
0.000000
-0.000000
-0.000001
-0.000001
-0.000001
-0.000000
0.000000
0.000001
0.000001
0.000001
0.000000
-0.000000
-0.000001
-0.000001
-0.000000
0.000000
0.000001
0.000001
0.000001
0.000000
-0.000000
-0.000001
-0.000001
-0.000001
-0.000000
0.000000
0.000001
0.000001
0.000000
-0.000000
-0.000001
-0.000001
-0.000001
-0.000000
0.000000
0.000001
0.000001
0.000001
0.000000
-0.000000
-0.000001
-0.000001
-0.000000
0.000000
0.000001
0.000001
0.000001
0.000000
-0.000000
-0.000001
-0.000001
-0.000001
-0.000000
0.000000
0.000001
0.000001
0.000000
-0.000000
-0.000001
-0.000001
-0.000001
-0.000000
0.000000
0.000001
0.000001
0.000001
0.000000
-0.000000
-0.000001
-0.000001
-0.000000
0.000000
0.000001
0.000001
0.000001
0.000000
-0.000000
-0.000001
-0.000001
-0.000001
-0.000000
0.000000
0.000001
0.000001
0.000000
-0.000000
-0.000000
-0.000001
-0.000001
-0.000000
0.000000
0.000001
0.000001
0.000001
0.000000
-0.000000
-0.000001
-0.000001
-0.000000
0.000000
0.000000
0.000001
0.000001
0.000000
-0.000000
-0.000001
-0.000001
-0.000001
-0.000000
0.000000
0.000001
0.000001
0.000000
-0.000000
-0.000000
-0.000001
-0.000001
-0.000000
0.000000
0.000001
0.000001
0.000000
0.000000
-0.000000
-0.000001
-0.000001
-0.000000
-0.000000
0.000000
0.000001
0.000001
0.000000
-0.000000
-0.000000
-0.000001
-0.000000
-0.000000
0.000000
0.000001
0.000001
0.000000
0.000000
-0.000000
-0.000001
-0.000001
-0.000000
0.000000
0.000000
0.000001
0.000000
0.000000
-0.000000
-0.000000
-0.000001
-0.000000
-0.000000
0.000000
0.000000
0.000000
0.000000
-0.000000
-0.000000
-0.000000
-0.000000
-0.000000
0.000000
0.000000
0.000000
0.000000
0.000000
-0.000000
-0.000000
-0.000000
-0.000000
0.000000
0.000000
0.000000
0.000000
0.000000
-0.000000
-0.000000
-0.000000
-0.000000
-0.000000
0.000000
0.000000
0.000000
0.000000
-0.000000
-0.000000
-0.000000
-0.000000
-0.000000
0.000000
0.000000
0.000000
0.000000
0.000000
-0.000000
-0.000000
-0.000000
-0.000000
-0.000000
0.000000
0.000000
0.000000
0.000000
-0.000000
-0.000000
-0.000000
-0.000000
-0.000000
0.000000
0.000000
0.000000
0.000000
0.000000
-0.000000
-0.000000
-0.000000
-0.000000
0.000000
0.000000
0.000000
0.000000
0.000000
-0.000000
-0.000000
-0.000000
-0.000000
-0.000000
0.000000
0.000000
0.000000
0.000000
0.000000
-0.000000
-0.000000
-0.000000
-0.000000
-0.000000
0.000000
0.000000
0.000000
0.000000
-0.000000
-0.000000
-0.000000
-0.000000
-0.000000
0.000000
0.000000
0.000000
0.000000
0.000000
-0.000000
-0.000000
-0.000000
-0.000000
-0.000000
0.000000
0.000000
0.000000
0.000000
0.000000
-0.000000
-0.000000
-0.000000
-0.000000
-0.000000
0.000000
0.000000
0.000000
0.000000
-0.000000
-0.000000
-0.000000
-0.000000
-0.000000
0.000000
0.000000
0.000000
0.000000
0.000000
-0.000000
-0.000000
-0.000000
-0.000000
-0.000000
0.000000
0.000000
0.000000
0.000000
0.000000
-0.000000
-0.000000
-0.000000
-0.000000
-0.000000
0.000000
0.000000
0.000000
0.000000
-0.000000
-0.000000
-0.000000
-0.000000
-0.000000
0.000000
0.000000
0.000000
0.000000
0.000000
-0.000000
-0.000000
-0.000000
-0.000000
-0.000000
0.000000
0.000000
0.000000
0.000000
-0.000000
-0.000000
-0.000000
-0.000000
-0.000000
0.000000
0.000000
0.000000
0.000000
0.000000
-0.000000
-0.000000
-0.000000
-0.000000
-0.000000
0.000000
0.000000
0.000000
0.000000
-0.000000
-0.000000
-0.000000
-0.000000
-0.000000
0.000000
0.000000
0.000000
0.000000
0.000000
-0.000000
-0.000000
-0.000000
-0.000000
0.000000
0.000000
0.000000
0.000000
0.000000
-0.000000
-0.000000
-0.000000
-0.000000
-0.000000
0.000000
0.000000
0.000000
0.000000
0.000000
-0.000000
-0.000000
-0.000000
-0.000000
0.000000
0.000000
0.000000
0.000000
0.000000
-0.000000
-0.000000
-0.000000
-0.000000
-0.000000
0.000000
0.000000
0.000000
0.000000
-0.000000
-0.000000
-0.000000
-0.000000
-0.000000
0.000000
0.000000
0.000000
0.000000
0.000000
-0.000000
-0.000000
-0.000000
-0.000000
0.000000
0.000000
0.000000
0.000000
0.000000
-0.000000
-0.000000
-0.000000
-0.000000
-0.000000
0.000000
0.000000
0.000000
0.000000
-0.000000
-0.000000
-0.000000
-0.000000
-0.000000
0.000000
0.000000
0.000000
0.000000
0.000000
-0.000000
-0.000000
-0.000000
-0.000000
0.000000
0.000000
0.000000
0.000000
0.000000
-0.000000
-0.000000
-0.000000
-0.000000
-0.000000
0.000000
0.000000
0.000000
0.000000
-0.000000
-0.000000
-0.000001
-0.000000
-0.000000
0.000000
0.000000
0.000001
0.000000
0.000000
-0.000000
-0.000000
-0.000000
-0.000000
0.000000
0.000000
0.000001
0.000000
0.000000
-0.000000
-0.000000
-0.000001
-0.000000
-0.000000
0.000000
0.000001
0.000000
0.000000
-0.000000
-0.000000
-0.000001
-0.000000
-0.000000
0.000000
0.000000
0.000001
0.000000
0.000000
-0.000000
-0.000001
-0.000000
-0.000000
0.000000
0.000000
0.000001
0.000000
0.000000
-0.000000
-0.000000
-0.000001
-0.000000
0.000000
0.000000
0.000001
0.000000
0.000000
-0.000000
-0.000000
-0.000001
-0.000000
-0.000000
0.000000
0.000001
0.000001
0.000000
-0.000000
-0.000000
-0.000001
-0.000000
-0.000000
0.000000
0.000000
0.000001
0.000000
0.000000
-0.000000
-0.000001
-0.000001
-0.000000
0.000000
0.000000
0.000001
0.000000
0.000000
-0.000000
-0.000000
-0.000001
-0.000000
-0.000000
0.000000
0.000001
0.000001
0.000000
-0.000000
-0.000000
-0.000001
-0.000000
-0.000000
0.000000
0.000001
0.000001
0.000000
0.000000
-0.000000
-0.000001
-0.000001
-0.000000
0.000000
0.000000
0.000001
0.000000
0.000000
-0.000000
-0.000001
-0.000001
-0.000000
0.000000
0.000000
0.000001
0.000001
0.000000
-0.000000
-0.000001
-0.000001
-0.000000
-0.000000
0.000000
0.000001
0.000001
0.000000
-0.000000
-0.000000
-0.000001
-0.000001
-0.000000
0.000000
0.000001
0.000001
0.000000
0.000000
-0.000000
-0.000001
-0.000001
-0.000000
0.000000
0.000000
0.000001
0.000001
0.000000
-0.000000
-0.000001
-0.000001
-0.000000
-0.000000
0.000000
0.000001
0.000001
0.000000
-0.000000
-0.000001
-0.000001
-0.000001
-0.000000
0.000000
0.000001
0.000001
0.000000
-0.000000
-0.000000
-0.000001
-0.000001
-0.000000
0.000000
0.000001
0.000001
0.000001
0.000000
-0.000000
-0.000001
-0.000001
-0.000000
0.000000
0.000000
0.000001
0.000001
0.000000
-0.000000
-0.000001
-0.000001
-0.000001
-0.000000
0.000000
0.000001
0.000001
0.000000
-0.000000
-0.000001
-0.000001
-0.000001
-0.000000
0.000000
0.000001
0.000001
0.000001
0.000000
-0.000000
-0.000001
-0.000001
-0.000000
0.000000
0.000001
0.000001
0.000001
0.000000
-0.000000
-0.000001
-0.000001
-0.000001
-0.000000
0.000000
0.000001
0.000001
0.000000
-0.000000
-0.000001
-0.000001
-0.000001
-0.000000
0.000000
0.000001
0.000001
0.000001
0.000000
-0.000001
-0.000001
-0.000001
-0.000000
0.000000
0.000001
0.000001
0.000001
0.000000
-0.000000
-0.000001
-0.000001
-0.000001
0.000000
0.000001
0.000001
0.000001
0.000000
-0.000000
-0.000001
-0.000001
-0.000001
-0.000000
0.000000
0.000001
0.000001
0.000001
-0.000000
-0.000001
-0.000001
-0.000001
-0.000000
0.000000
0.000001
0.000001
0.000001
0.000000
-0.000000
-0.000001
-0.000001
-0.000001
0.000000
0.000001
0.000001
0.000001
0.000000
-0.000000
-0.000001
-0.000001
-0.000001
-0.000000
0.000000
0.000001
0.000001
0.000001
-0.000000
-0.000001
-0.000001
-0.000001
-0.000000
0.000000
0.000001
0.000001
0.000001
0.000000
-0.000001
-0.000001
-0.000001
-0.000001
0.000000
0.000001
0.000001
0.000001
0.000000
-0.000000
-0.000001
-0.000001
-0.000001
-0.000000
0.000001
0.000001
0.000001
0.000001
-0.000000
-0.000001
-0.000001
-0.000001
-0.000000
0.000000
0.000001
0.000001
0.000001
0.000000
-0.000001
-0.000001
-0.000001
-0.000001
0.000000
0.000001
0.000001
0.000001
0.000000
-0.000000
-0.000001
-0.000001
-0.000001
-0.000000
0.000001
0.000001
0.000001
0.000001
-0.000000
-0.000001
-0.000001
-0.000001
-0.000000
0.000000
0.000001
0.000001
0.000001
0.000000
-0.000001
-0.000001
-0.000001
-0.000001
0.000000
0.000001
0.000001
0.000001
0.000000
-0.000000
-0.000001
-0.000001
-0.000001
-0.000000
0.000001
0.000001
0.000001
0.000001
-0.000000
-0.000001
-0.000001
-0.000001
-0.000000
0.000000
0.000001
0.000001
0.000001
0.000000
-0.000001
-0.000001
-0.000001
-0.000001
0.000000
0.000001
0.000001
0.000001
0.000000
-0.000000
-0.000001
-0.000001
-0.000001
-0.000000
0.000001
0.000001
0.000001
0.000001
-0.000000
-0.000001
-0.000001
-0.000001
-0.000000
0.000000
0.000001
0.000001
0.000001
0.000000
-0.000001
-0.000001
-0.000001
-0.000001
0.000000
0.000001
0.000001
0.000001
0.000000
-0.000000
-0.000001
-0.000001
-0.000001
-0.000000
0.000001
0.000001
0.000001
0.000001
-0.000000
-0.000001
-0.000001
-0.000001
-0.000000
0.000000
0.000001
0.000001
0.000001
0.000000
-0.000001
-0.000001
-0.000001
-0.000001
0.000000
0.000001
0.000001
0.000001
0.000000
-0.000000
-0.000001
-0.000001
-0.000001
-0.000000
0.000001
0.000001
0.000001
0.000001
-0.000000
-0.000001
-0.000001
-0.000001
-0.000000
0.000000
0.000001
0.000001
0.000001
0.000000
-0.000001
-0.000001
-0.000001
-0.000001
0.000000
0.000001
0.000001
0.000001
0.000000
-0.000000
-0.000001
-0.000001
-0.000001
-0.000000
0.000001
0.000001
0.000001
0.000000
-0.000000
-0.000001
-0.000001
-0.000001
-0.000000
0.000000
0.000001
0.000001
0.000001
0.000000
-0.000001
-0.000001
-0.000001
-0.000000
0.000000
0.000001
0.000001
0.000001
0.000000
-0.000000
-0.000001
-0.000001
-0.000001
-0.000000
0.000001
0.000001
0.000001
0.000000
-0.000000
-0.000001
-0.000001
-0.000001
-0.000000
0.000000
0.000001
0.000001
0.000001
0.000000
-0.000001
-0.000001
-0.000001
-0.000000
0.000000
0.000001
0.000001
0.000001
0.000000
-0.000000
-0.000001
-0.000001
-0.000001
-0.000000
0.000001
0.000001
0.000001
0.000000
-0.000000
-0.000001
-0.000001
-0.000001
-0.000000
0.000000
0.000001
0.000001
0.000001
-0.000000
-0.000001
-0.000001
-0.000001
-0.000000
0.000000
0.000001
0.000001
0.000001
0.000000
-0.000000
-0.000001
-0.000001
-0.000001
0.000000
0.000001
0.000001
0.000001
0.000000
-0.000000
-0.000001
-0.000001
-0.000001
-0.000000
0.000000
0.000001
0.000001
0.000000
-0.000000
-0.000001
-0.000001
-0.000001
-0.000000
0.000000
0.000001
0.000001
0.000001
0.000000
-0.000000
-0.000001
-0.000001
-0.000000
0.000000
0.000001
0.000001
0.000001
0.000000
-0.000000
-0.000001
-0.000001
-0.000001
-0.000000
0.000000
0.000001
0.000001
0.000000
-0.000000
-0.000001
-0.000001
-0.000001
-0.000000
0.000000
0.000001
0.000001
0.000000
0.000000
-0.000000
-0.000001
-0.000001
-0.000000
0.000000
0.000001
0.000001
0.000001
0.000000
-0.000000
-0.000001
-0.000001
-0.000000
-0.000000
0.000000
0.000001
0.000001
0.000000
-0.000000
-0.000001
-0.000001
-0.000001
-0.000000
0.000000
0.000001
0.000001
0.000000
-0.000000
-0.000000
-0.000001
-0.000001
-0.000000
0.000000
0.000001
0.000001
0.000000
0.000000
-0.000000
-0.000001
-0.000001
-0.000000
0.000000
0.000000
0.000001
0.000001
0.000000
-0.000000
-0.000000
-0.000001
-0.000000
-0.000000
0.000000
0.000001
0.000001
0.000000
-0.000000
-0.000000
-0.000001
-0.000000
-0.000000
0.000000
0.000000
0.000001
0.000000
0.000000
-0.000000
-0.000001
-0.000001
-0.000000
0.000000
0.000000
0.000001
0.000000
0.000000
-0.000000
-0.000000
-0.000001
-0.000000
-0.000000
0.000000
0.000001
0.000000
0.000000
-0.000000
-0.000000
-0.000001
-0.000000
-0.000000
0.000000
0.000000
0.000000
0.000000
-0.000000
-0.000000
-0.000001
-0.000000
-0.000000
0.000000
0.000000
0.000000
0.000000
0.000000
-0.000000
-0.000000
-0.000000
-0.000000
0.000000
0.000000
0.000000
0.000000
0.000000
-0.000000
-0.000000
-0.000000
-0.000000
-0.000000
0.000000
0.000000
0.000000
0.000000
-0.000000
-0.000000
-0.000000
-0.000000
-0.000000
0.000000
0.000000
0.000000
0.000000
-0.000000
-0.000000
-0.000000
-0.000000
-0.000000
0.000000
0.000000
0.000000
0.000000
0.000000
-0.000000
-0.000000
-0.000000
-0.000000
0.000000
0.000000
0.000000
0.000000
0.000000
-0.000000
-0.000000
-0.000000
-0.000000
-0.000000
0.000000
0.000000
0.000000
0.000000
-0.000000
-0.000000
-0.000000
-0.000000
-0.000000
0.000000
0.000000
0.000000
0.000000
0.000000
-0.000000
-0.000000
-0.000000
-0.000000
0.000000
0.000000
0.000000
0.000000
0.000000
-0.000000
-0.000000
-0.000000
-0.000000
0.000000
0.000000
0.000000
0.000000
0.000000
-0.000000
-0.000000
-0.000000
-0.000000
-0.000000
0.000000
0.000000
0.000000
0.000000
-0.000000
-0.000000
-0.000000
-0.000000
-0.000000
0.000000
0.000000
0.000000
0.000000
0.000000
-0.000000
-0.000000
-0.000000
-0.000000
0.000000
0.000000
0.000000
0.000000
0.000000
-0.000000
-0.000000
-0.000000
-0.000000
-0.000000
0.000000
0.000000
0.000000
0.000000
-0.000000
-0.000000
-0.000000
-0.000000
-0.000000
0.000000
0.000000
0.000000
0.000000
-0.000000
-0.000000
-0.000000
-0.000000
-0.000000
0.000000
0.000000
0.000000
0.000000
0.000000
-0.000000
-0.000000
-0.000000
-0.000000
0.000000
0.000000
0.000000
0.000000
0.000000
-0.000000
-0.000000
-0.000000
-0.000000
-0.000000
0.000000
0.000000
0.000000
0.000000
-0.000000
-0.000000
-0.000000
-0.000000
-0.000000
0.000000
0.000000
0.000000
0.000000
0.000000
-0.000000
-0.000000
-0.000000
-0.000000
0.000000
0.000000
0.000000
0.000000
0.000000
-0.000000
-0.000000
-0.000000
-0.000000
-0.000000
0.000000
0.000000
0.000000
0.000000
-0.000000
-0.000000
-0.000000
-0.000000
-0.000000
0.000000
0.000000
0.000000
0.000000
0.000000
-0.000000
-0.000000
-0.000000
-0.000000
0.000000
0.000000
0.000000
0.000000
0.000000
-0.000000
-0.000000
-0.000000
-0.000000
-0.000000
0.000000
0.000000
0.000000
0.000000
-0.000000
-0.000000
-0.000000
-0.000000
-0.000000
0.000000
0.000000
0.000000
0.000000
0.000000
-0.000000
-0.000000
-0.000000
-0.000000
0.000000
0.000000
0.000000
0.000000
0.000000
-0.000000
-0.000000
-0.000000
-0.000000
-0.000000
0.000000
0.000000
0.000000
0.000000
-0.000000
-0.000000
-0.000000
-0.000000
-0.000000
0.000000
0.000000
0.000000
0.000000
0.000000
-0.000000
-0.000000
-0.000000
-0.000000
0.000000
0.000000
0.000000
0.000000
0.000000
-0.000000
-0.000000
-0.000000
-0.000000
-0.000000
0.000000
0.000000
0.000000
0.000000
-0.000000
-0.000000
-0.000000
-0.000000
-0.000000
0.000000
0.000000
0.000000
0.000000
0.000000
-0.000000
-0.000000
-0.000000
-0.000000
-0.000000
0.000000
0.000000
0.000000
0.000000
-0.000000
-0.000000
-0.000000
-0.000000
-0.000000
0.000000
0.000000
0.000000
0.000000
0.000000
-0.000000
-0.000000
-0.000000
-0.000000
0.000000
0.000000
0.000000
0.000000
0.000000
-0.000000
-0.000000
-0.000000
-0.000000
-0.000000
0.000000
0.000000
0.000000
0.000000
0.000000
-0.000000
-0.000000
-0.000000
-0.000000
0.000000
0.000000
0.000000
0.000000
0.000000
-0.000000
-0.000000
-0.000000
-0.000000
-0.000000
0.000000
0.000000
0.000000
0.000000
0.000000
-0.000000
-0.000000
-0.000000
-0.000000
0.000000
0.000000
0.000000
0.000000
0.000000
-0.000000
-0.000000
-0.000000
-0.000000
-0.000000
0.000000
0.000000
0.000000
0.000000
-0.000000
-0.000000
-0.000000
-0.000000
-0.000000
0.000000
0.000000
0.000000
0.000000
0.000000
-0.000000
-0.000000
-0.000000
-0.000000
-0.000000
0.000000
0.000000
0.000000
0.000000
-0.000000
-0.000000
-0.000000
-0.000000
-0.000000
0.000000
0.000000
0.000000
0.000000
0.000000
-0.000000
-0.000000
-0.000000
-0.000000
-0.000000
0.000000
0.000000
0.000000
0.000000
-0.000000
-0.000000
-0.000000
-0.000000
-0.000000
0.000000
0.000000
0.000000
0.000000
0.000000
-0.000000
-0.000000
-0.000000
-0.000000
-0.000000
0.000000
0.000000
0.000000
0.000000
-0.000000
-0.000000
-0.000000
-0.000000
-0.000000
0.000000
0.000000
0.000000
0.000000
0.000000
-0.000000
-0.000000
-0.000000
-0.000000
0.000000
0.000000
0.000000
0.000000
0.000000
-0.000000
-0.000000
-0.000000
-0.000000
-0.000000
0.000000
0.000000
0.000000
0.000000
0.000000
-0.000000
-0.000000
-0.000000
-0.000000
0.000000
0.000000
0.000000
0.000000
0.000000
-0.000000
-0.000000
-0.000000
-0.000000
-0.000000
0.000000
0.000000
0.000000
0.000000
-0.000000
-0.000000
-0.000000
-0.000000
-0.000000
0.000000
0.000000
0.000000
0.000000
0.000000
-0.000000
-0.000000
-0.000000
-0.000000
0.000000
0.000000
0.000000
0.000000
0.000000
-0.000000
-0.000000
-0.000000
-0.000000
-0.000000
0.000000
0.000000
0.000000
0.000000
0.000000
-0.000000
-0.000000
-0.000000
-0.000000
0.000000
0.000000
0.000000
0.000000
0.000000
-0.000000
-0.000000
-0.000000
-0.000000
-0.000000
0.000000
0.000000
0.000000
0.000000
-0.000000
-0.000000
-0.000000
-0.000000
-0.000000
0.000000
0.000000
0.000000
0.000000
0.000000
-0.000000
-0.000000
-0.000000
-0.000000
0.000000
0.000000
0.000001
0.000000
0.000000
-0.000000
-0.000000
-0.000001
-0.000000
-0.000000
0.000000
0.000000
0.000000
0.000000
-0.000000
-0.000000
-0.000001
-0.000000
-0.000000
0.000000
0.000000
0.000001
0.000000
0.000000
-0.000000
-0.000001
-0.000001
-0.000000
0.000000
0.000000
0.000001
0.000000
0.000000
-0.000000
-0.000000
-0.000001
-0.000000
-0.000000
0.000000
0.000001
0.000001
0.000000
-0.000000
-0.000000
-0.000001
-0.000000
-0.000000
