0.000000
0.000000
0.000000
0.000000
0.000000
0.000000
0.000000
0.000000
0.000000
0.000000
0.000000
0.000000
0.000000
0.000000
0.000000
0.000000
0.000000
0.000000
0.000000
0.000000
0.000000
0.000000
0.000000
0.000000
0.000000
0.000000
0.000000
0.000000
0.000000
0.000000
0.000000
0.000000
0.000000
0.000000
0.000000
0.000000
0.000000
0.000000
0.000000
0.000000
0.000000
0.000000
0.000000
0.000000
0.000000
0.000000
0.000000
0.000000
0.000000
0.000000
0.000000
0.000000
0.000000
0.000000
0.000000
0.000000
0.000000
0.000000
0.000000
0.000000
0.000000
0.000000
0.000000
0.000000
0.000000
0.000000
0.000000
0.000000
0.000000
0.000000
0.000000
0.000000
0.000000
0.000000
0.000000
0.000000
0.000000
0.000000
0.000000
0.000000
0.000000
0.000000
0.000000
0.000000
0.000000
0.000000
0.000000
0.000000
0.000000
0.000000
0.000000
0.000000
0.000000
0.000000
0.000000
0.000000
0.000000
0.000000
0.000000
0.000000
0.000000
0.000000
0.000000
0.000000
0.000000
0.000000
0.000000
0.000000
0.000000
0.000000
0.000000
0.000000
0.000000
0.000000
0.000000
0.000000
0.000000
0.000000
0.000000
0.000000
0.000000
0.000000
0.000000
0.000000
0.000000
0.000000
0.000000
0.000000
0.000000
0.000000
0.000000
0.000000
0.000000
0.000000
0.000000
0.000000
0.000000
0.000000
0.000000
0.000000
0.000000
0.000000
0.000000
0.000000
0.000000
0.000000
0.000000
0.000000
0.000000
0.000000
-0.000000
-0.000000
-0.000000
-0.000000
-0.000000
-0.000000
-0.000000
-0.000000
-0.000000
-0.000000
-0.000000
-0.000000
-0.000000
-0.000000
-0.000000
-0.000000
-0.000000
-0.000000
-0.000000
-0.000000
-0.000000
-0.000000
-0.000000
-0.000000
-0.000000
-0.000000
-0.000000
-0.000000
-0.000000
-0.000000
-0.000000
-0.000000
-0.000000
-0.000000
-0.000000
-0.000000
-0.000000
-0.000000
-0.000000
-0.000000
-0.000000
-0.000000
-0.000000
-0.000000
-0.000000
-0.000000
-0.000000
-0.000000
-0.000000
-0.000000
-0.000000
-0.000000
-0.000000
-0.000000
-0.000000
-0.000000
-0.000000
-0.000000
-0.000000
-0.000000
-0.000000
-0.000000
-0.000000
-0.000000
-0.000000
-0.000000
-0.000000
-0.000000
-0.000000
-0.000000
-0.000000
-0.000000
-0.000000
-0.000000
-0.000000
-0.000000
-0.000000
-0.000000
-0.000000
-0.000000
-0.000000
-0.000000
-0.000000
-0.000000
-0.000000
-0.000000
-0.000000
-0.000000
-0.000000
-0.000000
-0.000000
-0.000000
-0.000000
-0.000000
-0.000000
-0.000000
-0.000000
-0.000000
-0.000000
-0.000000
-0.000000
-0.000000
-0.000000
-0.000000
-0.000000
-0.000000
-0.000000
-0.000000
-0.000000
-0.000000
-0.000000
-0.000000
-0.000000
-0.000000
-0.000000
-0.000000
-0.000000
-0.000000
-0.000000
-0.000000
-0.000000
-0.000000
-0.000000
-0.000000
-0.000000
-0.000000
-0.000000
-0.000000
-0.000000
-0.000000
-0.000000
-0.000000
-0.000000
-0.000000
-0.000000
-0.000001
-0.000001
-0.000001
-0.000002
-0.000003
-0.000004
-0.000006
-0.000008
-0.000011
-0.000016
-0.000023
-0.000032
-0.000045
-0.000062
-0.000085
-0.000116
-0.000157
-0.000212
-0.000285
-0.000379
-0.000503
-0.000662
-0.000866
-0.001127
-0.001457
-0.001872
-0.002392
-0.003038
-0.003834
-0.004811
-0.006001
-0.007440
-0.009169
-0.011233
-0.013678
-0.016554
-0.019912
-0.023805
-0.028281
-0.033386
-0.039161
-0.045635
-0.052824
-0.060728
-0.069325
-0.078566
-0.088373
-0.098629
-0.109181
-0.119829
-0.130329
-0.140390
-0.149671
-0.157790
-0.164324
-0.168818
-0.170798
-0.169782
-0.165299
-0.156909
-0.144224
-0.126930
-0.104816
-0.077796
-0.045929
-0.009442
0.031255
0.075564
0.122693
0.171666
0.221337
0.270417
0.317510
0.361154
0.399879
0.432262
0.456986
0.472910
0.479120
0.474992
0.460231
0.434905
0.399466
0.354744
0.301935
0.242559
0.178409
0.111478
0.043876
-0.022262
-0.084872
-0.142053
-0.192158
-0.233863
-0.266230
-0.288737
-0.301298
-0.304246
-0.298302
-0.284523
-0.264223
-0.238898
-0.210130
-0.179498
-0.148496
-0.118457
-0.090499
-0.065481
-0.043988
-0.026325
-0.012542
-0.002462
0.004272
0.008147
0.009725
0.009595
0.008320
0.006409
0.004282
0.002260
0.000560
-0.000703
-0.001498
-0.001863
-0.001880
-0.001656
-0.001303
-0.000920
-0.000585
-0.000348
-0.000229
-0.000222
-0.000304
-0.000438
-0.000587
-0.000714
-0.000793
-0.000810
-0.000761
-0.000653
-0.000499
-0.000317
-0.000124
0.000064
0.000236
0.000383
0.000504
0.000595
0.000659
0.000696
0.000707
0.000692
0.000653
0.000592
0.000510
0.000414
0.000308
0.000200
0.000096
0.000004
-0.000073
-0.000132
-0.000172
-0.000194
-0.000200
-0.000194
-0.000177
-0.000152
-0.000120
-0.000084
-0.000045
-0.000006
0.000030
0.000059
0.000079
0.000087
0.000083
0.000068
0.000045
0.000019
-0.000006
-0.000026
-0.000037
-0.000038
-0.000032
-0.000020
-0.000007
0.000004
0.000010
0.000011
0.000007
0.000002
-0.000004
-0.000006
-0.000005
-0.000001
0.000005
0.000011
0.000014
0.000013
0.000007
-0.000001
-0.000010
-0.000016
-0.000018
-0.000015
-0.000008
0.000003
0.000012
0.000018
0.000019
0.000014
0.000005
-0.000005
-0.000014
-0.000018
-0.000017
-0.000011
-0.000001
0.000009
0.000016
0.000018
0.000014
0.000006
-0.000003
-0.000012
-0.000017
-0.000016
-0.000010
-0.000001
0.000008
0.000015
0.000016
0.000013
0.000005
-0.000004
-0.000012
-0.000016
-0.000015
-0.000008
0.000000
0.000009
0.000015
0.000015
0.000011
0.000003
-0.000006
-0.000013
-0.000015
-0.000013
-0.000006
0.000002
0.000010
0.000014
0.000014
0.000009
0.000001
-0.000007
-0.000013
-0.000014
-0.000011
-0.000003
0.000005
0.000011
0.000014
0.000012
0.000006
-0.000002
-0.000009
-0.000013
-0.000012
-0.000007
0.000000
0.000007
0.000012
0.000012
0.000008
0.000002
-0.000005
-0.000011
-0.000012
-0.000009
-0.000003
0.000004
0.000009
0.000012
0.000010
0.000004
-0.000002
-0.000008
-0.000011
-0.000010
-0.000005
0.000001
0.000007
0.000011
0.000010
0.000006
-0.000000
-0.000006
-0.000010
-0.000010
-0.000007
-0.000001
0.000005
0.000010
0.000010
0.000007
0.000001
-0.000005
-0.000009
-0.000010
-0.000008
-0.000002
0.000004
0.000009
0.000010
0.000008
0.000003
-0.000003
-0.000009
-0.000010
-0.000009
-0.000004
0.000003
0.000008
0.000011
0.000009
0.000004
-0.000002
-0.000008
-0.000011
-0.000009
-0.000005
0.000002
0.000007
0.000011
0.000010
0.000005
-0.000001
-0.000007
-0.000011
-0.000010
-0.000006
0.000000
0.000007
0.000010
0.000010
0.000007
0.000000
-0.000006
-0.000010
-0.000011
-0.000007
-0.000001
0.000006
0.000010
0.000011
0.000008
0.000001
-0.000005
-0.000010
-0.000011
-0.000008
-0.000002
0.000005
0.000010
0.000011
0.000008
0.000002
-0.000004
-0.000009
-0.000011
-0.000009
-0.000003
0.000004
0.000009
0.000011
0.000009
0.000003
-0.000003
-0.000009
-0.000011
-0.000009
-0.000004
0.000003
0.000009
0.000011
0.000009
0.000004
-0.000003
-0.000008
-0.000011
-0.000009
-0.000004
0.000003
0.000008
0.000011
0.000009
0.000004
-0.000002
-0.000008
-0.000010
-0.000009
-0.000004
0.000002
0.000008
0.000010
0.000009
0.000004
-0.000002
-0.000007
-0.000010
-0.000009
-0.000004
0.000002
0.000007
0.000010
0.000009
0.000004
-0.000002
-0.000007
-0.000010
-0.000008
-0.000004
0.000002
0.000007
0.000009
0.000008
0.000004
-0.000002
-0.000007
-0.000009
-0.000008
-0.000004
0.000002
0.000007
0.000009
0.000008
0.000003
-0.000002
-0.000007
-0.000009
-0.000007
-0.000003
0.000002
0.000007
0.000008
0.000007
0.000003
-0.000002
-0.000007
-0.000008
-0.000006
-0.000002
0.000003
0.000006
0.000008
0.000006
0.000002
-0.000003
-0.000006
-0.000007
-0.000006
-0.000002
0.000003
0.000006
0.000007
0.000005
0.000001
-0.000003
-0.000006
-0.000007
-0.000005
-0.000001
0.000004
0.000006
0.000007
0.000004
0.000000
-0.000004
-0.000006
-0.000006
-0.000004
0.000000
0.000004
0.000006
0.000006
0.000003
-0.000001
-0.000004
-0.000006
-0.000005
-0.000003
0.000001
0.000004
0.000006
0.000005
0.000002
-0.000002
-0.000005
-0.000006
-0.000004
-0.000002
0.000002
0.000005
0.000005
0.000004
0.000001
-0.000002
-0.000005
-0.000005
-0.000004
-0.000000
0.000003
0.000005
0.000005
0.000003
-0.000000
-0.000003
-0.000005
-0.000005
-0.000002
0.000001
0.000004
0.000005
0.000004
0.000002
-0.000001
-0.000004
-0.000005
-0.000004
-0.000001
0.000002
0.000004
0.000005
0.000004
0.000001
-0.000002
-0.000004
-0.000005
-0.000003
-0.000000
0.000003
0.000005
0.000005
0.000003
-0.000000
-0.000003
-0.000005
-0.000004
-0.000002
0.000001
0.000004
0.000005
0.000004
0.000002
-0.000002
-0.000004
-0.000005
-0.000003
-0.000000
0.000003
0.000005
0.000006
0.000004
0.000002
-0.000001
-0.000003
-0.000002
0.000001
0.000004
0.000008
0.000011
0.000011
0.000011
0.000009
0.000008
0.000008
0.000011
0.000017
0.000023
0.000028
0.000032
0.000035
0.000036
0.000037
0.000039
0.000043
0.000049
0.000056
0.000064
0.000070
0.000075
0.000076
0.000076
0.000075
0.000074
0.000075
0.000076
0.000076
0.000075
0.000070
0.000061
0.000047
0.000031
0.000013
-0.000006
-0.000025
-0.000043
-0.000063
-0.000086
-0.000111
-0.000139
-0.000169
-0.000199
-0.000225
-0.000248
-0.000266
-0.000278
-0.000286
-0.000290
-0.000291
-0.000287
-0.000278
-0.000262
-0.000237
-0.000204
-0.000162
-0.000113
-0.000061
-0.000007
0.000047
0.000099
0.000149
0.000198
0.000244
0.000286
0.000322
0.000349
0.000366
0.000369
0.000359
0.000337
0.000304
0.000263
0.000215
0.000164
0.000110
0.000054
-0.000004
-0.000061
-0.000116
-0.000164
-0.000204
-0.000230
-0.000243
-0.000243
-0.000230
-0.000207
-0.000176
-0.000141
-0.000102
-0.000060
-0.000017
0.000027
0.000069
0.000106
0.000135
0.000154
0.000161
0.000155
0.000139
0.000115
0.000086
0.000056
0.000025
-0.000003
-0.000030
-0.000055
-0.000076
-0.000092
-0.000102
-0.000103
-0.000095
-0.000078
-0.000055
-0.000029
-0.000003
0.000021
0.000038
0.000051
0.000057
0.000060
0.000059
0.000055
0.000048
0.000037
0.000023
0.000006
-0.000012
-0.000029
-0.000043
-0.000050
-0.000050
-0.000044
-0.000034
-0.000021
-0.000008
0.000003
0.000011
0.000017
0.000021
0.000025
0.000028
0.000029
0.000028
0.000023
0.000014
0.000003
-0.000009
-0.000020
-0.000026
-0.000028
-0.000025
-0.000018
-0.000010
-0.000002
0.000003
0.000006
0.000008
0.000008
0.000009
0.000011
0.000013
0.000014
0.000012
0.000008
0.000001
-0.000006
-0.000013
-0.000017
-0.000017
-0.000013
-0.000006
0.000000
0.000006
0.000008
0.000008
0.000006
0.000003
0.000001
0.000001
0.000002
0.000004
0.000004
0.000003
-0.000000
-0.000005
-0.000009
-0.000011
-0.000009
-0.000005
0.000000
0.000006
0.000009
0.000010
0.000007
0.000003
-0.000002
-0.000005
-0.000005
-0.000003
-0.000001
0.000002
0.000003
0.000002
-0.000001
-0.000004
-0.000005
-0.000005
-0.000002
0.000002
0.000006
0.000008
0.000007
0.000004
-0.000001
-0.000005
-0.000007
-0.000007
-0.000004
-0.000000
0.000003
0.000005
0.000005
0.000002
-0.000001
-0.000004
-0.000004
-0.000003
0.000000
0.000004
0.000005
0.000005
0.000002
-0.000002
-0.000005
-0.000007
-0.000006
-0.000003
0.000001
0.000005
0.000007
0.000006
0.000003
-0.000001
-0.000004
-0.000005
-0.000004
-0.000001
0.000002
0.000004
0.000004
0.000003
-0.000000
-0.000003
-0.000005
-0.000004
-0.000002
0.000002
0.000005
0.000006
0.000005
0.000001
-0.000002
-0.000005
-0.000006
-0.000005
-0.000001
0.000003
0.000005
0.000006
0.000004
0.000001
-0.000003
-0.000005
-0.000005
-0.000003
0.000000
0.000003
0.000005
0.000004
0.000001
-0.000002
-0.000004
-0.000005
-0.000003
-0.000000
0.000003
0.000005
0.000005
0.000003
-0.000000
-0.000004
-0.000005
-0.000005
-0.000003
0.000001
0.000004
0.000005
0.000005
0.000002
-0.000001
-0.000004
-0.000005
-0.000004
-0.000001
0.000002
0.000004
0.000005
0.000003
0.000000
-0.000002
-0.000004
-0.000004
-0.000002
0.000001
0.000003
0.000004
0.000003
0.000001
-0.000002
-0.000004
-0.000004
-0.000003
-0.000000
0.000003
0.000005
0.000005
0.000003
-0.000000
-0.000003
-0.000005
-0.000004
-0.000002
0.000001
0.000004
0.000005
0.000004
0.000002
-0.000001
-0.000004
-0.000004
-0.000003
-0.000001
0.000002
0.000004
0.000004
0.000003
0.000000
-0.000002
-0.000004
-0.000003
-0.000002
0.000001
0.000003
0.000004
0.000003
0.000001
-0.000002
-0.000004
-0.000004
-0.000002
0.000000
0.000003
0.000004
0.000004
0.000002
-0.000001
-0.000003
-0.000004
-0.000004
-0.000002
0.000001
0.000003
0.000004
0.000003
0.000001
-0.000002
-0.000004
-0.000004
-0.000003
-0.000001
0.000002
0.000004
0.000004
0.000002
-0.000000
-0.000002
-0.000003
-0.000003
-0.000001
0.000001
0.000003
0.000003
0.000002
0.000000
-0.000002
-0.000003
-0.000003
-0.000002
0.000000
0.000002
0.000003
0.000003
0.000001
-0.000001
-0.000003
-0.000004
-0.000003
-0.000001
0.000002
0.000003
0.000004
0.000002
0.000000
-0.000002
-0.000004
-0.000004
-0.000002
0.000000
0.000002
0.000004
0.000003
0.000002
-0.000001
-0.000003
-0.000003
-0.000003
-0.000001
0.000001
0.000003
0.000003
0.000002
0.000000
-0.000001
-0.000003
-0.000003
-0.000001
0.000000
0.000002
0.000003
0.000002
0.000001
-0.000001
-0.000002
-0.000002
-0.000002
0.000000
0.000002
0.000003
0.000002
0.000001
-0.000001
-0.000002
-0.000003
-0.000002
-0.000001
0.000001
0.000003
0.000003
0.000002
0.000000
-0.000002
-0.000003
-0.000003
-0.000002
0.000000
0.000002
0.000003
0.000003
0.000002
-0.000000
-0.000002
-0.000003
-0.000002
-0.000001
0.000001
0.000002
0.000003
0.000002
0.000001
-0.000001
-0.000002
-0.000002
-0.000001
-0.000000
0.000001
0.000002
0.000002
0.000001
-0.000001
-0.000002
-0.000002
-0.000001
0.000000
0.000001
0.000002
0.000002
0.000001
-0.000001
-0.000002
-0.000002
-0.000002
-0.000000
0.000001
0.000002
0.000002
0.000001
-0.000000
-0.000002
-0.000003
-0.000002
-0.000001
0.000000
0.000002
0.000003
0.000002
0.000001
-0.000001
-0.000002
-0.000003
-0.000002
-0.000001
0.000001
0.000002
0.000002
0.000002
0.000001
-0.000001
-0.000002
-0.000002
-0.000001
-0.000000
0.000001
0.000002
0.000002
0.000001
-0.000000
-0.000001
-0.000001
-0.000001
-0.000000
0.000001
0.000001
0.000001
0.000001
-0.000000
-0.000001
-0.000001
-0.000001
-0.000000
0.000001
0.000001
0.000001
0.000001
-0.000000
-0.000001
-0.000002
-0.000001
-0.000000
0.000001
0.000002
0.000002
0.000001
0.000000
-0.000001
-0.000002
-0.000002
-0.000001
-0.000000
0.000001
0.000002
0.000002
0.000001
-0.000000
-0.000001
-0.000002
-0.000002
-0.000001
0.000000
0.000001
0.000002
0.000002
0.000001
-0.000000
-0.000001
-0.000002
-0.000001
-0.000000
0.000001
0.000001
0.000001
0.000001
0.000000
-0.000000
-0.000001
-0.000001
-0.000000
0.000000
0.000001
0.000001
0.000000
-0.000000
-0.000001
-0.000001
-0.000001
-0.000000
0.000000
0.000001
0.000001
0.000000
-0.000001
-0.000001
-0.000001
-0.000001
-0.000000
0.000001
0.000001
0.000001
0.000001
-0.000000
-0.000001
-0.000002
-0.000001
-0.000001
0.000000
0.000001
0.000002
0.000002
0.000001
-0.000000
-0.000001
-0.000002
-0.000001
-0.000000
0.000001
0.000002
0.000002
0.000001
0.000000
-0.000001
-0.000002
-0.000002
-0.000001
-0.000001
0.000000
0.000001
0.000001
0.000001
-0.000000
-0.000001
-0.000001
-0.000001
-0.000001
0.000000
0.000001
0.000001
0.000001
0.000001
0.000000
-0.000000
-0.000000
-0.000000
0.000000
0.000000
0.000000
0.000000
-0.000000
-0.000001
-0.000001
-0.000001
-0.000000
0.000000
0.000001
0.000000
0.000000
-0.000001
-0.000001
-0.000001
-0.000001
0.000000
0.000001
0.000001
0.000001
0.000001
0.000000
-0.000001
-0.000001
-0.000001
-0.000001
0.000000
0.000001
0.000001
0.000001
0.000001
-0.000001
-0.000001
-0.000002
-0.000002
-0.000001
0.000000
0.000001
0.000002
0.000001
0.000001
-0.000000
-0.000001
-0.000001
-0.000001
-0.000000
0.000001
0.000001
0.000001
0.000001
0.000000
-0.000001
-0.000001
-0.000001
-0.000001
-0.000000
0.000001
0.000001
0.000001
0.000000
-0.000000
-0.000001
-0.000001
-0.000000
0.000000
0.000000
0.000001
0.000000
0.000000
-0.000000
-0.000000
-0.000000
-0.000000
0.000000
0.000000
0.000000
0.000000
-0.000000
-0.000001
-0.000001
-0.000000
0.000000
0.000001
0.000001
0.000001
0.000001
-0.000000
-0.000001
-0.000001
-0.000001
-0.000000
0.000000
0.000001
0.000001
0.000001
0.000000
-0.000001
-0.000001
-0.000002
-0.000001
-0.000000
0.000001
0.000002
0.000002
0.000001
0.000000
-0.000001
-0.000002
-0.000002
-0.000001
0.000000
0.000001
0.000002
0.000002
0.000001
-0.000000
-0.000001
-0.000002
-0.000001
-0.000001
0.000000
0.000001
0.000002
0.000001
0.000000
-0.000001
-0.000001
-0.000001
-0.000001
-0.000000
0.000001
0.000001
0.000001
0.000001
-0.000000
-0.000001
-0.000001
-0.000001
-0.000000
0.000000
0.000001
0.000001
0.000001
0.000000
-0.000000
-0.000001
-0.000001
-0.000000
0.000000
0.000001
0.000000
0.000000
-0.000000
-0.000001
-0.000001
-0.000000
0.000000
0.000001
0.000001
0.000001
0.000000
-0.000001
-0.000001
-0.000001
-0.000001
0.000000
0.000001
0.000001
0.000001
0.000001
-0.000000
-0.000001
-0.000001
-0.000001
-0.000000
0.000001
0.000001
0.000002
0.000001
0.000000
-0.000001
-0.000002
-0.000002
-0.000001
-0.000000
0.000001
0.000002
0.000002
0.000001
-0.000000
-0.000001
-0.000002
-0.000002
-0.000001
0.000000
0.000002
0.000002
0.000002
0.000001
-0.000001
-0.000002
-0.000002
-0.000002
-0.000000
0.000001
0.000002
0.000002
0.000001
0.000000
-0.000001
-0.000002
-0.000002
-0.000001
0.000000
0.000001
0.000002
0.000001
0.000001
-0.000000
-0.000001
-0.000001
-0.000001
-0.000000
0.000000
0.000001
0.000001
0.000001
0.000000
-0.000001
-0.000001
-0.000001
-0.000000
0.000000
0.000001
0.000001
0.000001
0.000000
-0.000000
-0.000001
-0.000001
-0.000000
0.000000
0.000001
0.000001
0.000000
-0.000000
-0.000001
-0.000001
-0.000001
0.000000
0.000001
0.000001
0.000001
0.000000
-0.000000
-0.000001
-0.000001
-0.000001
-0.000000
0.000001
0.000001
0.000002
0.000001
-0.000000
-0.000001
-0.000002
-0.000002
-0.000001
0.000000
0.000002
0.000002
0.000002
0.000001
-0.000001
-0.000002
-0.000002
-0.000002
-0.000000
0.000001
0.000002
0.000002
0.000002
0.000000
-0.000001
-0.000002
-0.000002
-0.000001
0.000000
0.000002
0.000002
0.000002
0.000001
-0.000001
-0.000002
-0.000002
-0.000002
-0.000001
0.000001
0.000002
0.000002
0.000002
0.000000
-0.000001
-0.000002
-0.000002
-0.000001
-0.000000
0.000001
0.000002
0.000002
0.000001
-0.000000
-0.000001
-0.000002
-0.000002
-0.000001
0.000000
0.000001
0.000002
0.000001
0.000000
-0.000001
-0.000001
-0.000001
-0.000001
-0.000000
0.000001
0.000001
0.000001
0.000001
-0.000000
-0.000001
-0.000001
-0.000001
-0.000000
0.000001
0.000001
0.000001
0.000000
-0.000000
-0.000001
-0.000001
-0.000000
0.000000
0.000001
0.000001
0.000001
0.000000
-0.000001
-0.000001
-0.000001
-0.000000
0.000000
0.000001
0.000001
0.000001
0.000000
-0.000001
-0.000001
-0.000001
-0.000001
0.000000
0.000001
0.000002
0.000001
0.000001
-0.000001
-0.000002
-0.000002
-0.000001
-0.000000
0.000001
0.000002
0.000002
0.000001
-0.000000
-0.000001
-0.000002
-0.000002
-0.000001
0.000000
0.000002
0.000002
0.000002
0.000001
-0.000001
-0.000002
-0.000003
-0.000002
-0.000001
0.000001
0.000002
0.000003
0.000002
0.000000
-0.000002
-0.000003
-0.000003
-0.000002
0.000000
0.000002
0.000003
0.000002
0.000001
-0.000001
-0.000002
-0.000003
-0.000002
-0.000001
0.000001
0.000002
0.000003
0.000002
0.000000
-0.000001
-0.000002
-0.000002
-0.000002
-0.000000
0.000001
0.000002
0.000002
0.000001
-0.000000
-0.000002
-0.000002
-0.000002
-0.000001
0.000001
0.000002
0.000002
0.000001
0.000000
-0.000001
-0.000002
-0.000002
-0.000001
0.000000
0.000001
0.000002
0.000001
0.000001
-0.000000
-0.000001
-0.000001
-0.000001
-0.000000
0.000001
0.000001
0.000001
0.000000
-0.000000
-0.000001
-0.000001
-0.000001
0.000000
0.000001
0.000001
0.000001
0.000000
-0.000000
-0.000001
-0.000001
-0.000001
0.000000
0.000001
0.000001
0.000001
0.000000
-0.000001
-0.000001
-0.000001
-0.000001
0.000000
0.000001
0.000001
0.000001
0.000000
-0.000001
-0.000001
-0.000002
-0.000001
-0.000000
0.000001
0.000002
0.000002
0.000001
-0.000000
-0.000002
-0.000002
-0.000002
-0.000001
0.000001
0.000002
0.000002
0.000002
0.000000
-0.000001
-0.000002
-0.000002
-0.000001
0.000000
0.000002
0.000003
0.000002
0.000001
-0.000001
-0.000002
-0.000003
-0.000002
-0.000001
0.000001
0.000002
0.000003
0.000002
0.000000
-0.000001
-0.000003
-0.000003
-0.000002
0.000000
0.000002
0.000003
0.000003
0.000001
-0.000000
-0.000002
-0.000003
-0.000002
-0.000001
0.000001
0.000002
0.000003
0.000002
0.000000
-0.000001
-0.000002
-0.000003
-0.000002
0.000000
0.000002
0.000003
0.000002
0.000001
-0.000000
-0.000002
-0.000002
-0.000002
-0.000001
0.000001
0.000002
0.000002
0.000002
0.000000
-0.000001
-0.000002
-0.000002
-0.000001
0.000000
0.000001
0.000002
0.000002
0.000001
-0.000001
-0.000002
-0.000002
-0.000001
-0.000000
0.000001
0.000002
0.000002
0.000001
-0.000000
-0.000001
-0.000002
-0.000001
-0.000000
0.000001
0.000001
0.000001
0.000001
0.000000
-0.000001
-0.000001
-0.000001
-0.000000
0.000000
0.000001
0.000001
0.000001
0.000000
-0.000001
-0.000001
-0.000001
-0.000000
0.000000
0.000001
0.000001
0.000001
0.000000
-0.000001
-0.000001
-0.000001
-0.000000
0.000000
0.000001
0.000001
0.000001
0.000000
-0.000001
-0.000001
-0.000001
-0.000001
0.000000
0.000001
0.000002
0.000001
0.000000
-0.000001
-0.000002
-0.000002
-0.000001
0.000000
0.000001
0.000002
0.000002
0.000001
-0.000001
-0.000002
-0.000002
-0.000002
-0.000000
0.000001
0.000002
0.000002
0.000001
0.000000
-0.000001
-0.000002
-0.000002
-0.000001
0.000000
0.000002
0.000002
0.000002
0.000001
-0.000001
-0.000002
-0.000003
-0.000002
-0.000000
0.000001
0.000002
0.000002
0.000001
-0.000000
-0.000002
-0.000003
-0.000002
-0.000001
0.000001
0.000002
0.000003
0.000002
0.000001
-0.000001
-0.000002
-0.000003
-0.000002
-0.000000
0.000002
0.000003
0.000003
0.000001
-0.000000
-0.000002
-0.000003
-0.000002
-0.000001
0.000001
0.000002
0.000003
0.000002
0.000000
-0.000001
-0.000002
-0.000003
-0.000002
0.000000
0.000002
0.000003
0.000002
0.000001
-0.000001
-0.000002
-0.000003
-0.000002
-0.000001
0.000001
0.000002
0.000002
0.000002
0.000000
-0.000001
-0.000002
-0.000002
-0.000001
0.000000
0.000002
0.000002
0.000002
0.000001
-0.000001
-0.000002
-0.000002
-0.000001
-0.000000
0.000001
0.000002
0.000002
0.000001
-0.000000
-0.000001
-0.000002
-0.000002
-0.000001
0.000001
0.000002
0.000002
0.000001
0.000000
-0.000001
-0.000002
-0.000002
-0.000001
0.000000
0.000001
0.000002
0.000001
0.000000
-0.000001
-0.000001
-0.000001
-0.000001
0.000000
0.000001
0.000001
0.000001
0.000000
-0.000001
-0.000001
-0.000001
-0.000001
0.000000
0.000001
0.000001
0.000001
0.000000
-0.000000
-0.000001
-0.000001
-0.000001
0.000000
0.000001
0.000001
0.000001
0.000001
-0.000000
-0.000001
-0.000001
-0.000001
-0.000000
0.000001
0.000001
0.000001
0.000001
-0.000000
-0.000001
-0.000002
-0.000001
-0.000000
0.000001
0.000002
0.000002
0.000001
-0.000000
-0.000001
-0.000002
-0.000002
-0.000001
0.000001
0.000002
0.000002
0.000001
0.000000
-0.000001
-0.000002
-0.000002
-0.000001
0.000000
0.000001
0.000002
0.000002
0.000001
-0.000001
-0.000002
-0.000002
-0.000002
-0.000000
0.000001
0.000002
0.000002
0.000001
-0.000000
-0.000002
-0.000002
-0.000002
-0.000001
0.000001
0.000002
0.000002
0.000002
0.000000
-0.000001
-0.000002
-0.000002
-0.000002
0.000000
0.000002
0.000002
0.000002
0.000001
-0.000001
-0.000002
-0.000003
-0.000002
-0.000001
0.000001
0.000002
0.000003
0.000002
0.000000
-0.000002
-0.000003
-0.000002
-0.000001
0.000000
0.000002
0.000003
0.000002
0.000001
-0.000001
-0.000002
-0.000003
-0.000002
-0.000000
0.000001
0.000002
0.000003
0.000001
-0.000000
-0.000002
-0.000003
-0.000002
-0.000001
0.000001
0.000002
0.000003
0.000002
0.000001
-0.000001
-0.000002
-0.000003
-0.000002
0.000000
0.000002
0.000002
0.000002
0.000001
-0.000001
-0.000002
-0.000003
-0.000002
-0.000001
0.000001
0.000002
0.000002
0.000002
0.000000
-0.000001
-0.000002
-0.000002
-0.000001
0.000000
0.000002
0.000002
0.000002
0.000001
-0.000001
-0.000002
-0.000002
-0.000002
-0.000000
0.000001
0.000002
0.000002
0.000001
-0.000000
-0.000001
-0.000002
-0.000002
-0.000001
0.000001
0.000002
0.000002
0.000001
0.000000
-0.000001
-0.000002
-0.000002
-0.000001
0.000000
0.000001
0.000002
0.000001
0.000000
-0.000001
-0.000001
-0.000002
-0.000001
-0.000000
0.000001
0.000001
0.000001
0.000001
-0.000000
-0.000001
-0.000001
-0.000001
-0.000000
0.000001
0.000001
0.000001
0.000001
-0.000000
-0.000001
-0.000001
-0.000001
-0.000000
0.000001
0.000001
0.000001
0.000001
-0.000000
-0.000001
-0.000001
-0.000001
-0.000000
0.000000
0.000001
0.000001
0.000001
-0.000000
-0.000001
-0.000001
-0.000001
-0.000000
0.000000
0.000001
0.000001
0.000001
0.000000
-0.000001
-0.000001
-0.000001
-0.000001
0.000000
0.000001
0.000001
0.000001
0.000000
-0.000001
-0.000001
-0.000001
-0.000001
0.000000
0.000001
0.000002
0.000001
0.000000
-0.000001
-0.000001
-0.000002
-0.000001
0.000000
0.000001
0.000002
0.000002
0.000001
-0.000000
-0.000002
-0.000002
-0.000001
-0.000000
0.000001
0.000002
0.000002
0.000001
-0.000000
-0.000001
-0.000002
-0.000002
-0.000001
0.000000
0.000002
0.000002
0.000002
0.000001
-0.000001
-0.000002
-0.000002
-0.000001
-0.000000
0.000001
0.000002
0.000002
0.000001
-0.000000
-0.000002
-0.000002
-0.000002
-0.000001
0.000001
0.000002
0.000002
0.000002
0.000000
-0.000001
-0.000002
-0.000002
-0.000001
0.000000
0.000002
0.000003
0.000002
0.000001
-0.000001
-0.000002
-0.000003
-0.000002
-0.000000
0.000001
0.000003
0.000003
0.000001
-0.000000
-0.000002
-0.000003
-0.000002
-0.000001
0.000001
0.000002
0.000003
0.000002
0.000001
-0.000001
-0.000003
-0.000003
-0.000002
0.000000
0.000002
0.000003
0.000003
0.000001
-0.000001
-0.000002
-0.000003
-0.000002
-0.000001
0.000001
0.000002
0.000003
0.000002
0.000000
-0.000001
-0.000003
-0.000003
-0.000001
0.000000
0.000002
0.000003
0.000002
0.000001
-0.000001
-0.000002
-0.000003
-0.000002
-0.000000
0.000001
0.000002
0.000002
0.000002
-0.000000
-0.000002
-0.000002
-0.000002
-0.000001
0.000001
0.000002
0.000002
0.000002
0.000001
-0.000001
-0.000002
-0.000002
-0.000001
-0.000000
0.000001
0.000002
0.000002
0.000001
-0.000000
-0.000002
-0.000002
-0.000002
-0.000001
0.000001
0.000002
0.000002
0.000001
0.000000
-0.000001
-0.000002
-0.000002
-0.000001
0.000000
0.000001
0.000002
0.000001
0.000000
-0.000001
-0.000001
-0.000002
-0.000001
-0.000000
0.000001
0.000002
0.000001
0.000001
-0.000000
-0.000001
-0.000001
-0.000001
-0.000000
0.000001
0.000001
0.000001
0.000001
-0.000000
-0.000001
-0.000001
-0.000001
-0.000000
0.000000
0.000001
0.000001
0.000001
0.000000
-0.000001
-0.000001
-0.000001
-0.000000
0.000000
0.000001
0.000001
0.000001
0.000000
-0.000000
-0.000001
-0.000001
-0.000000
0.000000
0.000001
0.000001
0.000001
0.000000
-0.000000
-0.000001
-0.000001
-0.000000
0.000000
0.000001
0.000001
0.000001
-0.000000
-0.000001
-0.000001
-0.000001
-0.000000
0.000000
0.000001
0.000001
0.000001
-0.000000
-0.000001
-0.000001
-0.000001
-0.000000
0.000000
0.000001
0.000001
0.000001
0.000000
-0.000001
-0.000001
-0.000001
-0.000001
0.000000
0.000001
0.000001
0.000001
0.000000
-0.000001
-0.000001
-0.000001
-0.000001
-0.000000
0.000001
0.000002
0.000001
0.000001
-0.000000
-0.000001
-0.000002
-0.000001
-0.000000
0.000001
0.000002
0.000002
0.000001
0.000000
-0.000001
-0.000002
-0.000002
-0.000001
0.000000
0.000002
0.000002
0.000002
0.000001
-0.000001
-0.000002
-0.000002
-0.000001
-0.000000
0.000001
0.000002
0.000002
0.000001
-0.000000
-0.000002
-0.000002
-0.000002
-0.000001
0.000001
0.000002
0.000002
0.000002
0.000000
-0.000001
-0.000002
-0.000002
-0.000001
0.000000
0.000002
0.000002
0.000002
0.000001
-0.000001
-0.000002
-0.000003
-0.000002
-0.000000
0.000001
0.000002
0.000002
0.000001
-0.000000
-0.000002
-0.000003
-0.000002
-0.000001
0.000001
0.000002
0.000003
0.000002
0.000001
-0.000001
-0.000003
-0.000003
-0.000002
0.000000
0.000002
0.000003
0.000003
0.000001
-0.000001
-0.000002
-0.000003
-0.000002
-0.000001
0.000001
0.000002
0.000003
0.000002
0.000000
-0.000002
-0.000003
-0.000003
-0.000002
0.000000
0.000002
0.000003
0.000002
0.000001
-0.000001
-0.000002
-0.000003
-0.000002
-0.000000
0.000001
0.000003
0.000003
0.000002
-0.000000
-0.000002
-0.000003
-0.000002
-0.000001
0.000001
0.000002
0.000003
0.000002
0.000001
-0.000001
-0.000002
-0.000003
-0.000002
-0.000000
0.000001
0.000002
0.000002
0.000001
-0.000000
-0.000002
-0.000002
-0.000002
-0.000001
0.000001
0.000002
0.000002
0.000002
0.000000
-0.000001
-0.000002
-0.000002
-0.000001
0.000000
0.000002
0.000002
0.000002
0.000001
-0.000001
-0.000002
-0.000002
-0.000002
-0.000000
0.000001
0.000002
0.000002
0.000001
-0.000000
-0.000001
-0.000002
-0.000002
-0.000001
0.000001
0.000002
0.000002
0.000001
0.000000
-0.000001
-0.000002
-0.000002
-0.000001
0.000000
0.000001
0.000002
0.000002
0.000001
-0.000000
-0.000001
-0.000002
-0.000001
-0.000000
0.000001
0.000001
0.000001
0.000001
-0.000000
-0.000001
-0.000001
-0.000001
-0.000001
0.000000
0.000001
0.000001
0.000001
0.000000
-0.000001
-0.000001
-0.000001
-0.000001
-0.000000
0.000001
0.000001
0.000001
0.000000
-0.000000
-0.000001
-0.000001
-0.000001
-0.000000
0.000000
0.000001
0.000001
0.000000
-0.000000
-0.000001
-0.000001
-0.000001
-0.000000
0.000000
0.000001
0.000001
0.000000
-0.000000
-0.000000
-0.000000
-0.000000
-0.000000
0.000000
0.000000
0.000000
0.000000
-0.000000
-0.000000
-0.000000
-0.000000
0.000000
0.000000
0.000000
0.000000
-0.000000
-0.000000
-0.000001
-0.000000
-0.000000
0.000000
0.000001
0.000001
0.000000
-0.000000
-0.000001
-0.000001
-0.000001
-0.000000
0.000000
0.000001
0.000001
0.000001
0.000000
-0.000001
-0.000001
-0.000001
-0.000000
0.000000
0.000001
0.000001
0.000001
0.000000
-0.000000
-0.000001
-0.000001
-0.000001
-0.000000
0.000001
0.000001
0.000001
0.000001
-0.000000
-0.000001
-0.000001
-0.000001
-0.000000
0.000001
0.000001
0.000001
0.000001
0.000000
-0.000001
-0.000001
-0.000001
-0.000001
0.000000
0.000001
0.000002
0.000001
0.000000
-0.000001
-0.000001
-0.000002
-0.000001
-0.000000
0.000001
0.000002
0.000002
0.000001
-0.000000
-0.000001
-0.000002
-0.000001
-0.000000
0.000001
0.000002
0.000002
0.000001
0.000000
-0.000001
-0.000002
-0.000002
-0.000001
0.000000
0.000002
0.000002
0.000002
0.000000
-0.000001
-0.000002
-0.000002
-0.000001
-0.000000
0.000001
0.000002
0.000002
0.000001
-0.000000
-0.000002
-0.000002
-0.000002
-0.000001
0.000001
0.000002
0.000002
0.000002
0.000000
-0.000001
-0.000002
-0.000002
-0.000001
0.000000
0.000002
0.000002
0.000002
0.000001
-0.000001
-0.000002
-0.000003
-0.000002
-0.000000
0.000001
0.000002
0.000002
0.000001
-0.000000
-0.000002
-0.000003
-0.000002
-0.000001
0.000001
0.000002
0.000003
0.000002
0.000001
-0.000001
-0.000002
-0.000003
-0.000002
-0.000000
0.000002
0.000003
0.000002
0.000001
-0.000000
-0.000002
-0.000003
-0.000002
-0.000001
0.000001
0.000002
0.000003
0.000002
0.000000
-0.000001
-0.000002
-0.000002
-0.000001
0.000000
0.000002
0.000003
0.000002
0.000001
-0.000001
-0.000002
-0.000003
-0.000002
-0.000000
0.000001
0.000002
0.000002
0.000001
-0.000000
-0.000002
-0.000002
-0.000002
-0.000001
0.000001
0.000002
0.000002
0.000002
0.000000
-0.000001
-0.000002
-0.000002
-0.000001
0.000000
0.000001
0.000002
0.000002
0.000001
-0.000001
-0.000002
-0.000002
-0.000002
-0.000001
0.000001
0.000002
0.000002
0.000001
0.000000
-0.000001
-0.000002
-0.000002
-0.000001
0.000000
0.000002
0.000002
0.000002
0.000001
-0.000001
-0.000002
-0.000002
-0.000001
-0.000000
0.000001
0.000002
0.000002
0.000001
-0.000000
-0.000002
-0.000002
-0.000002
-0.000001
0.000001
0.000002
0.000002
0.000001
0.000000
-0.000001
-0.000002
-0.000002
-0.000001
0.000000
0.000001
0.000002
0.000002
0.000001
-0.000001
-0.000002
-0.000002
-0.000001
-0.000000
0.000001
0.000002
0.000002
0.000001
-0.000000
-0.000001
-0.000002
-0.000001
-0.000001
0.000001
0.000001
0.000002
0.000001
0.000000
-0.000001
-0.000001
-0.000001
-0.000001
0.000000
0.000001
0.000001
0.000001
0.000001
-0.000000
-0.000001
-0.000001
-0.000001
-0.000000
0.000001
0.000001
0.000001
0.000001
-0.000000
-0.000001
-0.000001
-0.000001
-0.000000
0.000000
0.000001
0.000001
0.000001
0.000000
-0.000000
-0.000001
-0.000001
-0.000001
0.000000
0.000001
0.000001
0.000001
0.000000
-0.000000
-0.000001
-0.000001
-0.000001
-0.000000
0.000000
0.000001
0.000001
0.000000
-0.000000
-0.000000
-0.000001
-0.000000
-0.000000
0.000000
0.000000
0.000000
0.000000
-0.000000
-0.000000
-0.000000
-0.000000
0.000000
0.000000
0.000000
0.000000
0.000000
-0.000000
-0.000000
-0.000000
-0.000000
0.000000
0.000000
0.000000
0.000000
-0.000000
-0.000000
-0.000000
-0.000000
-0.000000
0.000000
0.000000
0.000000
0.000000
-0.000000
-0.000000
-0.000001
-0.000000
-0.000000
0.000000
0.000001
0.000001
0.000000
-0.000000
-0.000000
-0.000001
-0.000001
-0.000000
0.000000
0.000001
0.000001
0.000001
0.000000
-0.000000
-0.000001
-0.000001
-0.000000
0.000000
0.000001
0.000001
0.000001
0.000000
-0.000000
-0.000001
-0.000001
-0.000001
-0.000000
0.000001
0.000001
0.000001
0.000000
-0.000000
-0.000001
-0.000001
-0.000001
-0.000000
0.000000
0.000001
0.000001
0.000001
-0.000000
-0.000001
-0.000001
-0.000001
-0.000000
0.000000
0.000001
0.000001
0.000001
0.000000
-0.000001
-0.000001
-0.000001
-0.000001
0.000000
0.000001
0.000001
0.000001
0.000000
-0.000000
-0.000001
-0.000001
-0.000001
-0.000000
0.000001
0.000001
0.000001
0.000001
-0.000000
-0.000001
-0.000001
-0.000001
-0.000000
0.000001
0.000001
0.000001
0.000001
0.000000
-0.000001
-0.000002
-0.000001
-0.000001
0.000000
0.000001
0.000002
0.000001
0.000000
-0.000001
-0.000001
-0.000002
-0.000001
-0.000000
0.000001
0.000002
0.000002
0.000001
-0.000000
-0.000001
-0.000002
-0.000002
-0.000001
0.000001
0.000002
0.000002
0.000001
0.000000
-0.000001
-0.000002
-0.000002
-0.000001
0.000000
0.000001
0.000002
0.000002
0.000001
-0.000001
-0.000002
-0.000002
-0.000001
-0.000000
0.000001
0.000002
0.000002
0.000001
-0.000000
-0.000001
-0.000002
-0.000002
-0.000001
0.000001
0.000002
0.000002
0.000002
0.000000
-0.000001
-0.000002
-0.000002
-0.000001
0.000000
0.000001
0.000002
0.000002
0.000001
-0.000001
-0.000002
-0.000002
-0.000002
-0.000000
0.000001
0.000002
0.000002
0.000001
0.000000
-0.000001
-0.000002
-0.000002
-0.000001
0.000000
0.000002
0.000002
0.000002
0.000001
-0.000001
-0.000002
-0.000002
-0.000001
-0.000000
0.000001
0.000002
0.000002
0.000001
-0.000000
-0.000002
-0.000002
-0.000002
-0.000001
0.000001
0.000002
0.000002
0.000001
0.000000
-0.000001
-0.000002
-0.000002
-0.000001
0.000000
0.000002
0.000002
0.000002
0.000001
-0.000001
-0.000002
-0.000002
-0.000001
-0.000000
0.000001
0.000002
0.000002
0.000001
-0.000000
-0.000001
-0.000002
-0.000002
-0.000001
0.000001
0.000002
0.000002
0.000001
0.000000
-0.000001
-0.000002
-0.000002
-0.000001
0.000000
0.000001
0.000002
0.000002
0.000001
-0.000001
-0.000002
-0.000002
-0.000001
-0.000000
0.000001
0.000002
0.000002
0.000001
-0.000000
-0.000001
-0.000002
-0.000002
-0.000001
0.000001
0.000002
0.000002
0.000001
0.000000
-0.000001
-0.000002
-0.000002
-0.000001
0.000000
0.000001
0.000002
0.000001
0.000001
-0.000001
-0.000002
-0.000002
-0.000001
-0.000000
0.000001
0.000002
0.000002
0.000001
-0.000000
-0.000001
-0.000002
-0.000001
-0.000001
0.000001
0.000001
0.000002
0.000001
0.000000
-0.000001
-0.000002
-0.000002
-0.000001
0.000000
0.000001
0.000002
0.000001
0.000001
-0.000001
-0.000001
-0.000002
-0.000001
-0.000000
0.000001
0.000002
0.000002
0.000001
-0.000000
-0.000001
-0.000002
-0.000001
-0.000000
0.000001
0.000001
0.000002
0.000001
0.000000
-0.000001
-0.000001
-0.000001
-0.000001
0.000000
0.000001
0.000001
0.000001
0.000000
-0.000000
-0.000001
-0.000001
-0.000001
-0.000000
0.000001
0.000001
0.000001
0.000001
-0.000000
-0.000001
-0.000001
-0.000001
-0.000000
0.000000
0.000001
0.000001
0.000001
0.000000
-0.000001
-0.000001
-0.000001
-0.000001
0.000000
0.000001
0.000001
0.000001
0.000000
-0.000000
-0.000001
-0.000001
-0.000001
-0.000000
0.000000
0.000001
0.000001
0.000001
-0.000000
-0.000001
-0.000001
-0.000001
-0.000000
0.000000
0.000001
0.000001
0.000001
0.000000
-0.000000
-0.000001
-0.000001
-0.000000
0.000000
0.000001
0.000001
0.000001
0.000000
-0.000000
-0.000001
-0.000001
-0.000000
0.000000
0.000000
0.000001
0.000000
0.000000
-0.000000
-0.000000
-0.000000
-0.000000
-0.000000
0.000000
0.000000
0.000000
0.000000
-0.000000
-0.000000
-0.000000
-0.000000
0.000000
0.000000
0.000000
0.000000
0.000000
-0.000000
-0.000000
-0.000000
-0.000000
0.000000
0.000000
0.000000
0.000000
0.000000
-0.000000
-0.000000
-0.000000
-0.000000
0.000000
0.000000
0.000000
0.000000
0.000000
-0.000000
-0.000000
-0.000000
-0.000000
0.000000
0.000000
0.000000
0.000000
0.000000
-0.000000
-0.000000
-0.000000
-0.000000
0.000000
0.000000
0.000001
0.000000
0.000000
-0.000000
-0.000000
-0.000001
-0.000000
-0.000000
0.000000
0.000001
0.000001
0.000000
-0.000000
-0.000000
-0.000001
-0.000000
-0.000000
0.000000
0.000001
0.000001
0.000000
-0.000000
-0.000000
-0.000001
-0.000001
-0.000000
0.000000
0.000001
0.000001
0.000000
0.000000
-0.000000
-0.000001
-0.000001
-0.000000
0.000000
0.000001
0.000001
0.000001
0.000000
-0.000000
-0.000001
-0.000001
-0.000000
0.000000
0.000000
0.000001
0.000001
0.000000
-0.000000
-0.000001
-0.000001
-0.000001
-0.000000
0.000000
0.000001
0.000001
0.000000
-0.000000
-0.000001
-0.000001
-0.000001
-0.000000
0.000000
0.000001
0.000001
0.000001
0.000000
-0.000001
-0.000001
-0.000001
-0.000000
0.000000
0.000001
0.000001
0.000001
0.000000
-0.000000
-0.000001
-0.000001
-0.000001
0.000000
0.000001
0.000001
0.000001
0.000000
-0.000000
-0.000001
-0.000001
-0.000001
-0.000000
0.000001
0.000001
0.000001
0.000001
-0.000000
-0.000001
-0.000001
-0.000001
-0.000000
0.000000
0.000001
0.000001
0.000001
0.000000
-0.000001
-0.000001
-0.000001
-0.000001
0.000000
0.000001
0.000001
0.000001
0.000000
-0.000001
-0.000001
-0.000001
-0.000001
0.000000
0.000001
0.000001
0.000001
0.000001
-0.000000
-0.000001
-0.000001
-0.000001
-0.000000
0.000001
0.000001
0.000001
0.000001
-0.000000
-0.000001
-0.000001
-0.000001
-0.000001
0.000000
0.000001
0.000001
0.000001
0.000000
-0.000001
-0.000001
-0.000001
-0.000001
0.000000
0.000001
0.000001
0.000001
0.000001
-0.000000
-0.000001
-0.000001
-0.000001
-0.000000
0.000001
0.000001
0.000001
0.000001
-0.000000
-0.000001
-0.000002
-0.000001
-0.000001
0.000000
0.000001
0.000002
0.000001
0.000000
-0.000001
-0.000001
-0.000002
-0.000001
0.000000
0.000001
0.000002
0.000001
0.000001
-0.000000
-0.000001
-0.000002
-0.000001
-0.000000
0.000001
0.000001
0.000002
0.000001
0.000000
-0.000001
-0.000002
-0.000001
-0.000001
0.000000
0.000001
0.000002
0.000001
0.000000
-0.000001
-0.000001
-0.000002
-0.000001
-0.000000
0.000001
0.000002
0.000001
0.000001
-0.000000
-0.000001
-0.000002
-0.000001
-0.000000
0.000001
0.000001
0.000002
0.000001
0.000000
-0.000001
-0.000002
-0.000001
-0.000001
0.000000
0.000001
0.000002
0.000001
0.000000
-0.000001
-0.000001
-0.000002
-0.000001
-0.000000
0.000001
0.000002
0.000001
0.000001
-0.000000
-0.000001
-0.000002
-0.000001
-0.000000
0.000001
0.000001
0.000001
0.000001
0.000000
-0.000001
-0.000001
-0.000001
-0.000001
0.000000
0.000001
0.000001
0.000001
0.000000
-0.000001
-0.000001
-0.000001
-0.000001
0.000000
0.000001
0.000001
0.000001
0.000001
-0.000000
-0.000001
-0.000001
-0.000001
-0.000000
0.000001
0.000001
0.000001
0.000001
-0.000000
-0.000001
-0.000001
-0.000001
-0.000000
0.000000
0.000001
0.000001
0.000001
0.000000
-0.000001
-0.000001
-0.000001
-0.000001
0.000000
0.000001
0.000001
0.000001
0.000000
-0.000000
-0.000001
-0.000001
-0.000001
-0.000000
0.000001
0.000001
0.000001
0.000001
-0.000000
-0.000001
-0.000001
-0.000001
-0.000000
0.000001
0.000001
0.000001
0.000001
-0.000000
-0.000001
-0.000001
-0.000001
-0.000001
0.000000
0.000001
0.000001
0.000001
0.000000
-0.000001
-0.000001
-0.000001
-0.000001
0.000000
0.000001
0.000001
0.000001
0.000001
-0.000000
-0.000001
-0.000001
-0.000001
-0.000000
0.000001
0.000001
0.000001
0.000001
-0.000000
-0.000001
-0.000001
-0.000001
-0.000000
0.000000
0.000001
0.000001
0.000001
0.000000
-0.000001
-0.000001
-0.000001
-0.000001
0.000000
0.000001
0.000001
0.000001
0.000000
-0.000000
-0.000001
-0.000001
-0.000001
-0.000000
0.000001
0.000001
0.000001
0.000001
-0.000000
-0.000001
-0.000001
-0.000001
-0.000000
0.000000
0.000001
0.000001
0.000001
0.000000
-0.000001
-0.000001
-0.000001
-0.000001
0.000000
0.000001
0.000001
0.000001
0.000000
-0.000000
-0.000001
-0.000001
-0.000001
-0.000000
0.000001
0.000001
0.000001
0.000001
-0.000000
-0.000001
-0.000001
-0.000001
-0.000000
0.000000
0.000001
0.000001
0.000001
0.000000
-0.000001
-0.000001
-0.000001
-0.000001
0.000000
0.000001
0.000001
0.000001
0.000000
-0.000000
-0.000001
-0.000001
-0.000001
-0.000000
0.000001
0.000001
0.000001
0.000001
-0.000000
-0.000001
-0.000001
-0.000001
-0.000000
0.000000
0.000001
0.000001
0.000001
0.000000
-0.000001
-0.000001
-0.000001
-0.000000
0.000000
0.000001
0.000001
0.000001
0.000000
-0.000000
-0.000001
-0.000001
-0.000001
-0.000000
0.000001
0.000001
0.000001
0.000000
-0.000000
-0.000001
-0.000001
-0.000001
-0.000000
0.000000
0.000001
0.000001
0.000000
-0.000000
-0.000000
-0.000001
-0.000001
-0.000000
0.000000
0.000001
0.000001
0.000001
0.000000
-0.000000
-0.000001
-0.000001
-0.000000
0.000000
0.000000
0.000001
0.000001
0.000000
-0.000000
-0.000001
-0.000001
-0.000000
0.000000
0.000000
0.000001
0.000000
0.000000
-0.000000
-0.000000
-0.000001
-0.000000
-0.000000
0.000000
0.000001
0.000000
0.000000
-0.000000
-0.000000
-0.000001
-0.000000
-0.000000
0.000000
0.000000
0.000000
0.000000
-0.000000
-0.000000
-0.000001
-0.000000
-0.000000
0.000000
0.000000
0.000000
0.000000
-0.000000
-0.000000
-0.000001
-0.000000
-0.000000
0.000000
0.000000
0.000001
0.000000
-0.000000
-0.000000
-0.000001
-0.000000
-0.000000
0.000000
0.000000
0.000001
0.000000
0.000000
-0.000000
-0.000001
-0.000001
-0.000000
0.000000
0.000000
0.000001
0.000000
0.000000
-0.000000
-0.000001
-0.000001
-0.000000
-0.000000
0.000000
0.000001
0.000001
0.000000
-0.000000
-0.000000
-0.000001
-0.000001
-0.000000
0.000000
0.000001
0.000001
0.000000
-0.000000
-0.000000
-0.000001
-0.000001
-0.000000
0.000000
0.000001
0.000001
0.000000
0.000000
-0.000000
-0.000001
-0.000001
-0.000000
0.000000
0.000000
0.000001
0.000001
0.000000
-0.000000
-0.000001
-0.000001
-0.000000
-0.000000
0.000000
0.000001
0.000001
0.000000
-0.000000
-0.000000
-0.000001
-0.000001
-0.000000
0.000000
0.000001
0.000001
0.000000
0.000000
-0.000000
-0.000001
-0.000001
-0.000000
0.000000
0.000000
0.000001
0.000000
0.000000
-0.000000
-0.000001
-0.000001
-0.000000
-0.000000
0.000000
0.000001
0.000001
0.000000
-0.000000
-0.000000
-0.000001
-0.000000
-0.000000
0.000000
0.000000
0.000001
0.000000
-0.000000
-0.000000
-0.000001
-0.000000
-0.000000
0.000000
0.000000
0.000000
0.000000
0.000000
-0.000000
-0.000000
-0.000000
-0.000000
0.000000
0.000000
0.000000
0.000000
0.000000
-0.000000
-0.000000
-0.000000
-0.000000
0.000000
0.000000
0.000000
0.000000
0.000000
-0.000000
-0.000000
-0.000000
-0.000000
-0.000000
0.000000
0.000000
0.000000
0.000000
-0.000000
-0.000000
-0.000000
-0.000000
-0.000000
0.000000
0.000000
0.000000
0.000000
-0.000000
-0.000000
-0.000000
-0.000000
-0.000000
0.000000
0.000000
0.000000
0.000000
-0.000000
-0.000000
-0.000000
-0.000000
-0.000000
0.000000
0.000000
0.000000
0.000000
-0.000000
-0.000000
-0.000000
-0.000000
-0.000000
0.000000
0.000000
0.000000
0.000000
-0.000000
-0.000000
-0.000001
-0.000000
-0.000000
0.000000
0.000001
0.000001
0.000000
0.000000
-0.000000
-0.000001
-0.000001
-0.000000
0.000000
0.000001
0.000001
0.000000
0.000000
-0.000000
-0.000001
-0.000001
-0.000000
0.000000
0.000000
0.000001
0.000001
0.000000
-0.000000
-0.000001
-0.000001
-0.000001
-0.000000
0.000000
0.000001
0.000001
0.000000
-0.000000
-0.000001
-0.000001
-0.000001
-0.000000
0.000000
0.000001
0.000001
0.000001
0.000000
-0.000000
-0.000001
-0.000001
-0.000000
0.000000
0.000001
0.000001
0.000001
0.000000
-0.000000
-0.000001
-0.000001
-0.000001
-0.000000
0.000000
0.000001
0.000001
0.000001
-0.000000
-0.000001
-0.000001
-0.000001
-0.000000
0.000000
0.000001
0.000001
0.000001
0.000000
-0.000000
-0.000001
-0.000001
-0.000001
0.000000
0.000001
0.000001
0.000001
0.000000
-0.000000
-0.000001
-0.000001
-0.000001
-0.000000
0.000001
0.000001
0.000001
0.000001
-0.000000
-0.000001
-0.000001
-0.000001
-0.000000
0.000000
0.000001
0.000001
0.000001
0.000000
-0.000001
-0.000001
-0.000001
-0.000001
0.000000
0.000001
0.000001
0.000001
0.000000
-0.000000
-0.000001
-0.000001
-0.000001
-0.000000
0.000001
0.000001
0.000001
0.000001
-0.000000
-0.000001
-0.000001
-0.000001
-0.000000
0.000000
0.000001
0.000001
0.000001
0.000000
-0.000001
-0.000001
-0.000001
-0.000001
0.000000
0.000001
0.000001
0.000001
0.000000
-0.000000
-0.000001
-0.000001
-0.000001
-0.000000
0.000001
0.000001
0.000001
0.000000
-0.000000
-0.000001
-0.000001
-0.000001
-0.000000
0.000000
0.000001
0.000001
0.000001
0.000000
-0.000001
-0.000001
-0.000001
-0.000000
0.000000
0.000001
0.000001
0.000001
0.000000
-0.000000
-0.000001
-0.000001
-0.000001
0.000000
0.000001
0.000001
0.000001
0.000000
-0.000000
-0.000001
-0.000001
-0.000001
-0.000000
0.000000
0.000001
0.000001
0.000000
-0.000000
-0.000001
-0.000001
-0.000001
-0.000000
0.000000
0.000001
0.000001
0.000001
0.000000
-0.000000
-0.000001
-0.000001
-0.000000
0.000000
0.000001
0.000001
0.000001
0.000000
-0.000000
-0.000001
-0.000001
-0.000000
0.000000
0.000001
0.000001
0.000001
0.000000
-0.000000
-0.000001
-0.000001
-0.000000
0.000000
0.000001
0.000001
0.000001
0.000000
-0.000000
-0.000001
-0.000001
-0.000001
-0.000000
0.000000
0.000001
0.000001
0.000000
-0.000000
-0.000001
-0.000001
-0.000001
-0.000000
0.000000
0.000001
0.000001
0.000001
0.000000
-0.000001
-0.000001
-0.000001
-0.000000
0.000000
0.000001
0.000001
0.000001
0.000000
-0.000000
-0.000001
-0.000001
-0.000001
0.000000
0.000001
0.000001
0.000001
0.000000
-0.000000
-0.000001
-0.000001
-0.000001
-0.000000
0.000001
0.000001
0.000001
0.000001
-0.000000
-0.000001
-0.000001
-0.000001
-0.000000
0.000000
0.000001
0.000001
0.000001
0.000000
-0.000001
-0.000001
-0.000001
-0.000001
0.000000
0.000001
0.000001
0.000001
0.000000
-0.000000
-0.000001
-0.000001
-0.000001
-0.000000
0.000001
0.000001
0.000001
0.000001
-0.000000
-0.000001
-0.000001
-0.000001
-0.000000
0.000000
0.000001
0.000001
0.000001
0.000000
-0.000001
-0.000001
-0.000001
-0.000001
0.000000
0.000001
0.000001
0.000001
0.000000
-0.000000
-0.000001
-0.000001
-0.000001
-0.000000
0.000001
0.000001
0.000001
0.000001
-0.000000
-0.000001
-0.000001
-0.000001
-0.000000
0.000000
0.000001
0.000001
0.000001
0.000000
-0.000001
-0.000001
-0.000001
-0.000001
0.000000
0.000001
0.000001
0.000001
0.000000
-0.000000
-0.000001
-0.000001
-0.000001
-0.000000
0.000001
0.000001
0.000001
0.000001
-0.000000
-0.000001
-0.000001
-0.000001
-0.000000
0.000000
0.000001
0.000001
0.000001
0.000000
-0.000001
-0.000001
-0.000001
-0.000001
0.000000
0.000001
0.000001
0.000001
0.000000
-0.000000
-0.000001
-0.000001
-0.000001
-0.000000
0.000001
0.000001
0.000001
0.000001
-0.000000
-0.000001
-0.000001
-0.000001
-0.000000
0.000000
0.000001
0.000001
0.000001
0.000000
-0.000001
-0.000001
-0.000001
-0.000001
0.000000
0.000001
0.000001
0.000001
0.000000
-0.000000
-0.000001
-0.000001
-0.000001
-0.000000
0.000001
0.000001
0.000001
0.000001
-0.000000
-0.000001
-0.000001
-0.000001
-0.000000
0.000000
0.000001
0.000001
0.000001
0.000000
-0.000001
-0.000001
-0.000001
-0.000001
0.000000
0.000001
0.000001
0.000001
0.000000
-0.000000
-0.000001
-0.000001
-0.000001
-0.000000
0.000001
0.000001
0.000001
0.000000
-0.000000
-0.000001
-0.000001
-0.000001
-0.000000
0.000000
0.000001
0.000001
0.000001
0.000000
-0.000001
-0.000001
-0.000001
-0.000000
0.000000
0.000001
0.000001
0.000001
0.000000
-0.000000
-0.000001
-0.000001
-0.000000
0.000000
0.000001
0.000001
0.000001
0.000000
-0.000000
-0.000001
-0.000001
-0.000001
-0.000000
0.000000
0.000001
0.000001
0.000000
-0.000000
-0.000001
-0.000001
-0.000001
-0.000000
0.000000
0.000001
0.000001
0.000000
-0.000000
-0.000000
-0.000001
-0.000001
-0.000000
0.000000
0.000001
0.000001
0.000000
0.000000
-0.000000
-0.000001
-0.000001
-0.000000
0.000000
0.000001
0.000001
0.000001
0.000000
-0.000000
-0.000001
-0.000001
-0.000000
0.000000
0.000000
0.000001
0.000001
0.000000
-0.000000
-0.000001
-0.000001
-0.000000
-0.000000
0.000000
0.000001
0.000001
0.000000
-0.000000
-0.000001
-0.000001
-0.000001
-0.000000
0.000000
0.000001
0.000001
0.000000
-0.000000
-0.000000
-0.000001
-0.000001
-0.000000
0.000000
0.000001
0.000001
0.000001
0.000000
-0.000000
-0.000001
-0.000001
-0.000000
0.000000
0.000001
0.000001
0.000001
0.000000
-0.000000
-0.000001
-0.000001
-0.000001
-0.000000
0.000000
0.000001
0.000001
0.000000
-0.000000
-0.000001
-0.000001
-0.000001
-0.000000
0.000000
0.000001
0.000001
0.000001
0.000000
-0.000000
-0.000001
-0.000001
-0.000000
0.000000
0.000001
0.000001
0.000001
0.000000
-0.000000
-0.000001
-0.000001
-0.000001
-0.000000
0.000001
0.000001
0.000001
0.000000
-0.000000
-0.000001
-0.000001
-0.000001
-0.000000
0.000000
0.000001
0.000001
0.000001
0.000000
-0.000001
-0.000001
-0.000001
-0.000000
0.000000
0.000001
0.000001
0.000001
0.000000
-0.000000
-0.000001
-0.000001
-0.000001
-0.000000
0.000001
0.000001
0.000001
0.000000
-0.000000
-0.000001
-0.000001
-0.000001
-0.000000
0.000000
0.000001
0.000001
0.000001
0.000000
-0.000001
-0.000001
-0.000001
-0.000000
0.000000
0.000001
0.000001
0.000001
0.000000
-0.000000
-0.000001
-0.000001
-0.000001
-0.000000
0.000000
0.000001
0.000001
0.000000
-0.000000
-0.000001
-0.000001
-0.000001
-0.000000
0.000000
0.000001
0.000001
0.000001
0.000000
-0.000000
-0.000001
-0.000001
-0.000000
0.000000
0.000001
0.000001
0.000001
0.000000
-0.000000
-0.000001
-0.000001
-0.000001
-0.000000
0.000000
0.000001
0.000001
0.000000
-0.000000
-0.000001
-0.000001
-0.000001
-0.000000
0.000000
0.000001
0.000001
0.000001
0.000000
-0.000000
-0.000001
-0.000001
-0.000000
0.000000
0.000000
0.000001
0.000001
0.000000
-0.000000
-0.000001
-0.000001
-0.000001
-0.000000
0.000000
0.000001
0.000001
0.000000
0.000000
-0.000000
-0.000001
-0.000001
-0.000000
0.000000
0.000000
0.000001
0.000000
0.000000
-0.000000
-0.000000
-0.000001
-0.000000
-0.000000
0.000000
0.000000
0.000000
0.000000
-0.000000
-0.000000
-0.000000
-0.000000
-0.000000
0.000000
0.000000
0.000000
0.000000
0.000000
-0.000000
-0.000000
-0.000000
-0.000000
-0.000000
0.000000
0.000000
0.000000
0.000000
-0.000000
-0.000000
-0.000000
-0.000000
-0.000000
0.000000
0.000000
0.000000
0.000000
0.000000
-0.000000
-0.000000
-0.000000
-0.000000
-0.000000
0.000000
0.000000
0.000000
0.000000
-0.000000
-0.000000
-0.000000
-0.000000
-0.000000
0.000000
0.000000
0.000000
0.000000
0.000000
-0.000000
-0.000000
-0.000000
-0.000000
-0.000000
0.000000
0.000000
0.000000
0.000000
0.000000
-0.000000
-0.000000
-0.000000
-0.000000
-0.000000
0.000000
0.000000
0.000000
0.000000
0.000000
-0.000000
-0.000000
-0.000000
-0.000000
-0.000000
0.000000
0.000000
0.000000
0.000000
0.000000
-0.000000
-0.000000
-0.000000
-0.000000
-0.000000
0.000000
0.000000
0.000000
0.000000
0.000000
-0.000000
-0.000000
-0.000000
-0.000000
-0.000000
0.000000
0.000000
0.000000
0.000000
-0.000000
-0.000000
-0.000000
-0.000000
-0.000000
0.000000
0.000000
0.000000
0.000000
0.000000
-0.000000
-0.000000
-0.000000
-0.000000
-0.000000
0.000000
0.000000
0.000000
0.000000
-0.000000
-0.000000
-0.000000
-0.000000
-0.000000
0.000000
0.000000
0.000000
0.000000
0.000000
-0.000000
-0.000000
-0.000000
-0.000000
-0.000000
0.000000
0.000000
0.000000
0.000000
-0.000000
-0.000000
-0.000000
-0.000000
-0.000000
0.000000
0.000000
0.000000
0.000000
0.000000
-0.000000
-0.000000
-0.000000
-0.000000
0.000000
0.000000
0.000000
0.000000
0.000000
-0.000000
-0.000000
-0.000000
-0.000000
-0.000000
0.000000
0.000000
0.000000
0.000000
-0.000000
-0.000000
-0.000000
-0.000000
-0.000000
0.000000
0.000000
0.000000
0.000000
0.000000
-0.000000
-0.000000
-0.000000
-0.000000
0.000000
0.000000
0.000000
0.000000
0.000000
-0.000000
-0.000000
-0.000000
-0.000000
-0.000000
0.000000
0.000000
0.000000
0.000000
-0.000000
-0.000000
-0.000000
-0.000000
-0.000000
0.000000
0.000000
0.000000
0.000000
0.000000
-0.000000
-0.000000
-0.000000
-0.000000
0.000000
0.000000
0.000000
0.000000
0.000000
-0.000000
-0.000000
-0.000000
-0.000000
-0.000000
0.000000
0.000000
0.000000
0.000000
-0.000000
-0.000000
-0.000000
-0.000000
-0.000000
0.000000
0.000000
0.000000
0.000000
0.000000
-0.000000
-0.000000
-0.000000
-0.000000
0.000000
0.000000
0.000000
0.000000
0.000000
-0.000000
-0.000000
-0.000000
-0.000000
-0.000000
0.000000
0.000000
0.000000
0.000000
-0.000000
-0.000000
-0.000000
-0.000000
-0.000000
0.000000
0.000000
0.000000
0.000000
0.000000
-0.000000
-0.000000
-0.000000
-0.000000
0.000000
0.000000
0.000000
0.000000
0.000000
-0.000000
-0.000000
-0.000000
-0.000000
0.000000
0.000000
0.000000
0.000000
0.000000
-0.000000
-0.000000
-0.000000
-0.000000
-0.000000
0.000000
0.000000
0.000000
0.000000
-0.000000
-0.000000
-0.000000
-0.000000
-0.000000
0.000000
0.000000
0.000000
0.000000
-0.000000
-0.000000
-0.000000
-0.000000
-0.000000
0.000000
0.000000
0.000000
0.000000
0.000000
-0.000000
-0.000000
-0.000000
-0.000000
0.000000
0.000000
0.000000
0.000000
0.000000
-0.000000
-0.000000
-0.000000
-0.000000
0.000000
0.000000
0.000000
0.000000
0.000000
-0.000000
-0.000000
-0.000000
-0.000000
0.000000
0.000000
0.000000
0.000000
0.000000
-0.000000
-0.000000
-0.000000
-0.000000
-0.000000
0.000000
0.000000
0.000000
0.000000
-0.000000
-0.000000
-0.000000
-0.000000
-0.000000
0.000000
0.000000
0.000000
0.000000
-0.000000
-0.000000
-0.000001
-0.000000
-0.000000
0.000000
0.000000
0.000001
0.000000
0.000000
-0.000000
-0.000001
-0.000001
-0.000000
0.000000
0.000000
0.000001
0.000000
0.000000
-0.000000
-0.000001
-0.000001
-0.000000
0.000000
0.000000
0.000001
0.000001
0.000000
-0.000000
-0.000001
-0.000001
-0.000001
-0.000000
0.000000
0.000001
0.000001
0.000000
-0.000000
-0.000001
-0.000001
-0.000001
-0.000000
0.000000
0.000001
0.000001
0.000001
0.000000
-0.000000
-0.000001
-0.000001
-0.000000
0.000000
0.000001
0.000001
0.000001
0.000000
-0.000000
-0.000001
-0.000001
-0.000001
-0.000000
0.000000
0.000001
0.000001
0.000000
-0.000000
-0.000001
-0.000001
-0.000001
-0.000000
0.000000
0.000001
0.000001
0.000001
0.000000
-0.000001
-0.000001
-0.000001
-0.000001
0.000000
0.000001
0.000001
0.000001
0.000000
-0.000000
-0.000001
-0.000001
-0.000001
-0.000000
0.000001
0.000001
0.000001
0.000001
-0.000000
-0.000001
-0.000001
-0.000001
-0.000000
0.000000
0.000001
0.000001
0.000001
0.000000
-0.000001
-0.000001
-0.000001
-0.000001
0.000000
0.000001
0.000001
0.000001
0.000000
-0.000000
-0.000001
-0.000001
-0.000001
-0.000000
0.000001
0.000001
0.000001
0.000001
-0.000000
-0.000001
-0.000001
-0.000001
-0.000000
0.000000
0.000001
0.000001
0.000001
0.000000
-0.000001
-0.000001
-0.000001
-0.000001
0.000000
0.000001
0.000001
0.000001
0.000000
-0.000000
-0.000001
-0.000001
-0.000001
-0.000000
0.000001
0.000001
0.000001
0.000001
-0.000000
-0.000001
-0.000001
-0.000001
-0.000000
0.000000
0.000001
0.000001
0.000001
0.000000
-0.000001
-0.000001
-0.000001
-0.000001
0.000000
0.000001
0.000001
0.000001
0.000000
-0.000000
-0.000001
-0.000001
-0.000001
-0.000000
0.000001
0.000001
0.000001
0.000001
-0.000000
-0.000001
-0.000001
-0.000001
-0.000000
0.000000
0.000001
0.000001
0.000001
0.000000
-0.000001
-0.000001
-0.000001
-0.000001
0.000000
0.000001
0.000001
0.000001
0.000000
-0.000000
-0.000001
-0.000001
-0.000001
-0.000000
0.000001
0.000001
0.000001
0.000001
-0.000000
-0.000001
-0.000001
-0.000001
-0.000000
0.000000
0.000001
0.000001
0.000001
0.000000
-0.000001
-0.000001
-0.000001
-0.000001
0.000000
0.000001
0.000001
0.000001
0.000000
-0.000001
-0.000001
-0.000001
-0.000001
-0.000000
0.000001
0.000001
0.000001
0.000001
-0.000000
-0.000001
-0.000001
-0.000001
-0.000000
0.000001
0.000001
0.000001
0.000001
0.000000
-0.000001
-0.000001
-0.000001
-0.000001
0.000000
0.000001
0.000001
0.000001
0.000000
-0.000001
-0.000001
-0.000001
-0.000001
-0.000000
0.000001
0.000001
0.000001
0.000001
-0.000000
-0.000001
-0.000001
-0.000001
-0.000000
0.000001
0.000001
0.000001
0.000001
0.000000
-0.000001
-0.000001
-0.000001
-0.000001
0.000000
0.000001
0.000001
0.000001
0.000000
-0.000001
-0.000001
-0.000001
-0.000001
0.000000
0.000001
0.000001
0.000001
0.000000
-0.000000
-0.000001
-0.000001
-0.000001
-0.000000
0.000001
0.000001
0.000001
0.000001
-0.000000
-0.000001
-0.000001
-0.000001
-0.000000
0.000000
0.000001
0.000001
0.000001
0.000000
-0.000001
-0.000001
-0.000001
-0.000001
0.000000
0.000001
0.000001
0.000001
0.000000
-0.000000
-0.000001
-0.000001
-0.000001
-0.000000
0.000001
0.000001
0.000001
0.000001
-0.000000
-0.000001
-0.000001
-0.000001
-0.000000
0.000000
0.000001
0.000001
0.000001
0.000000
-0.000001
-0.000001
-0.000001
-0.000000
0.000000
0.000001
0.000001
0.000001
0.000000
-0.000000
-0.000001
-0.000001
-0.000001
-0.000000
0.000001
0.000001
0.000001
0.000000
-0.000000
-0.000001
-0.000001
-0.000001
-0.000000
0.000000
0.000001
0.000001
0.000001
-0.000000
-0.000001
-0.000001
-0.000001
-0.000000
0.000000
0.000001
0.000001
0.000001
0.000000
-0.000000
-0.000001
-0.000001
-0.000000
0.000000
0.000001
0.000001
0.000001
0.000000
-0.000000
-0.000001
-0.000001
-0.000001
-0.000000
0.000000
0.000001
0.000001
0.000000
-0.000000
-0.000001
-0.000001
-0.000001
-0.000000
0.000000
0.000001
0.000001
0.000000
-0.000000
-0.000001
-0.000001
-0.000001
-0.000000
0.000000
0.000001
0.000001
0.000001
0.000000
-0.000000
-0.000001
-0.000001
-0.000000
0.000000
0.000001
0.000001
0.000001
0.000000
-0.000000
-0.000001
-0.000001
-0.000000
-0.000000
0.000000
0.000001
0.000001
0.000000
-0.000000
-0.000001
-0.000001
-0.000001
-0.000000
0.000000
0.000001
0.000001
0.000000
-0.000000
-0.000001
-0.000001
-0.000001
-0.000000
0.000000
0.000001
0.000001
0.000001
0.000000
-0.000000
-0.000001
-0.000001
-0.000000
0.000000
0.000001
0.000001
0.000001
0.000000
-0.000000
-0.000001
-0.000001
-0.000001
-0.000000
0.000001
0.000001
0.000001
0.000000
-0.000000
-0.000001
-0.000001
-0.000001
-0.000000
0.000000
0.000001
0.000001
0.000001
-0.000000
-0.000001
-0.000001
-0.000001
-0.000000
0.000000
0.000001
0.000001
0.000001
0.000000
-0.000000
-0.000001
-0.000001
-0.000000
0.000000
0.000001
0.000001
0.000001
0.000000
-0.000000
-0.000001
-0.000001
-0.000001
-0.000000
0.000000
0.000001
0.000001
0.000000
-0.000000
-0.000001
-0.000001
-0.000001
-0.000000
0.000000
0.000001
0.000001
0.000001
0.000000
-0.000001
-0.000001
-0.000001
-0.000000
0.000000
0.000001
0.000001
0.000001
0.000000
-0.000000
-0.000001
-0.000001
-0.000001
-0.000000
0.000001
0.000001
0.000001
0.000000
-0.000000
-0.000001
-0.000001
-0.000001
-0.000000
0.000000
0.000001
0.000001
0.000001
0.000000
-0.000001
-0.000001
-0.000001
-0.000000
0.000000
0.000001
0.000001
0.000001
0.000000
-0.000000
-0.000001
-0.000001
-0.000001
0.000000
0.000001
0.000001
0.000001
0.000000
-0.000000
-0.000001
-0.000001
-0.000001
-0.000000
0.000000
0.000001
0.000001
0.000001
-0.000000
-0.000001
-0.000001
-0.000001
-0.000000
0.000000
0.000001
0.000001
0.000001
0.000000
-0.000000
-0.000001
-0.000001
-0.000001
0.000000
0.000001
0.000001
0.000001
0.000000
-0.000000
-0.000001
-0.000001
-0.000001
-0.000000
0.000000
0.000001
0.000001
0.000001
-0.000000
-0.000001
-0.000001
-0.000001
-0.000000
0.000000
0.000001
0.000001
0.000001
0.000000
-0.000000
-0.000001
-0.000001
-0.000000
0.000000
0.000001
0.000001
0.000001
0.000000
-0.000000
-0.000001
-0.000001
-0.000001
-0.000000
0.000000
0.000001
0.000001
0.000000
-0.000000
-0.000001
-0.000001
-0.000001
-0.000000
0.000000
0.000001
0.000001
0.000001
0.000000
-0.000000
-0.000001
-0.000001
-0.000000
0.000000
0.000001
0.000001
0.000001
0.000000
-0.000000
-0.000001
-0.000001
-0.000001
-0.000000
0.000000
0.000001
0.000001
0.000000
-0.000000
-0.000001
-0.000001
-0.000001
-0.000000
0.000000
0.000001
0.000001
0.000001
0.000000
-0.000000
-0.000001
-0.000001
-0.000000
0.000000
0.000001
0.000001
0.000001
0.000000
-0.000000
-0.000001
-0.000001
-0.000001
-0.000000
0.000000
0.000001
0.000001
0.000000
-0.000000
-0.000001
-0.000001
-0.000001
-0.000000
0.000000
0.000001
0.000001
0.000001
0.000000
-0.000000
-0.000001
-0.000001
-0.000000
0.000000
0.000001
0.000001
0.000001
0.000000
-0.000000
-0.000001
-0.000001
-0.000001
-0.000000
0.000000
0.000001
0.000001
0.000000
-0.000000
-0.000001
-0.000001
-0.000001
-0.000000
0.000000
0.000001
0.000001
0.000001
0.000000
-0.000000
-0.000001
-0.000001
-0.000000
0.000000
0.000001
0.000001
0.000001
0.000000
-0.000000
-0.000001
-0.000001
-0.000001
-0.000000
0.000000
0.000001
0.000001
0.000000
-0.000000
-0.000001
-0.000001
-0.000001
-0.000000
0.000000
0.000001
0.000001
0.000001
0.000000
-0.000000
-0.000001
-0.000001
-0.000000
-0.000000
0.000000
0.000001
0.000001
0.000000
-0.000000
-0.000001
-0.000001
-0.000001
-0.000000
0.000000
0.000001
0.000001
0.000000
0.000000
-0.000000
-0.000001
-0.000001
-0.000000
0.000000
0.000001
0.000001
0.000001
0.000000
-0.000000
-0.000001
-0.000001
-0.000000
-0.000000
0.000000
0.000001
0.000001
0.000000
-0.000000
-0.000000
-0.000001
-0.000001
-0.000000
0.000000
0.000001
0.000001
0.000000
0.000000
-0.000000
-0.000001
-0.000001
-0.000000
0.000000
0.000000
0.000001
0.000001
0.000000
-0.000000
-0.000000
-0.000001
-0.000000
-0.000000
0.000000
0.000001
0.000001
0.000000
-0.000000
-0.000000
-0.000001
-0.000001
-0.000000
0.000000
0.000000
0.000001
0.000000
0.000000
-0.000000
-0.000000
-0.000001
-0.000000
-0.000000
0.000000
0.000001
0.000000
0.000000
-0.000000
-0.000000
-0.000001
-0.000000
-0.000000
0.000000
0.000000
0.000000
0.000000
0.000000
-0.000000
-0.000000
-0.000000
-0.000000
0.000000
0.000000
0.000000
0.000000
0.000000
-0.000000
-0.000000
-0.000000
-0.000000
-0.000000
0.000000
0.000000
0.000000
0.000000
-0.000000
-0.000000
-0.000000
-0.000000
-0.000000
0.000000
0.000000
0.000000
0.000000
0.000000
-0.000000
-0.000000
-0.000000
-0.000000
0.000000
0.000000
0.000000
0.000000
0.000000
-0.000000
-0.000000
-0.000000
-0.000000
-0.000000
0.000000
0.000000
0.000000
0.000000
0.000000
-0.000000
-0.000000
-0.000000
-0.000000
0.000000
0.000000
0.000000
0.000000
0.000000
-0.000000
-0.000000
-0.000000
-0.000000
-0.000000
0.000000
0.000000
0.000000
0.000000
-0.000000
-0.000000
-0.000000
-0.000000
-0.000000
0.000000
0.000000
0.000000
0.000000
0.000000
-0.000000
-0.000000
-0.000000
-0.000000
0.000000
0.000000
0.000000
0.000000
0.000000
-0.000000
-0.000000
-0.000000
-0.000000
-0.000000
0.000000
0.000000
0.000000
0.000000
-0.000000
-0.000000
-0.000000
-0.000000
-0.000000
0.000000
0.000000
0.000000
0.000000
0.000000
-0.000000
-0.000000
-0.000000
-0.000000
0.000000
0.000000
0.000000
0.000000
0.000000
-0.000000
-0.000000
-0.000000
-0.000000
-0.000000
0.000000
0.000000
0.000000
0.000000
-0.000000
-0.000000
-0.000000
-0.000000
-0.000000
0.000000
0.000000
0.000000
0.000000
0.000000
-0.000000
-0.000000
-0.000000
-0.000000
0.000000
0.000000
0.000000
0.000000
0.000000
-0.000000
-0.000000
-0.000000
-0.000000
-0.000000
0.000000
0.000000
0.000000
0.000000
-0.000000
-0.000000
-0.000000
-0.000000
-0.000000
0.000000
0.000000
0.000000
0.000000
0.000000
-0.000000
-0.000000
-0.000000
-0.000000
0.000000
0.000000
0.000000
0.000000
0.000000
-0.000000
-0.000000
-0.000000
-0.000000
-0.000000
0.000000
0.000000
0.000000
0.000000
0.000000
-0.000000
-0.000000
-0.000000
-0.000000
0.000000
0.000000
0.000000
0.000000
0.000000
-0.000000
-0.000000
-0.000000
-0.000000
-0.000000
0.000000
0.000000
0.000000
0.000000
-0.000000
-0.000000
-0.000000
-0.000000
-0.000000
0.000000
0.000000
0.000000
0.000000
0.000000
-0.000000
-0.000000
-0.000000
-0.000000
0.000000
0.000000
0.000000
0.000000
0.000000
-0.000000
-0.000000
-0.000000
-0.000000
-0.000000
0.000000
0.000000
0.000000
0.000000
-0.000000
-0.000000
-0.000000
-0.000000
-0.000000
0.000000
0.000000
0.000000
0.000000
0.000000
-0.000000
-0.000000
-0.000000
-0.000000
0.000000
0.000000
0.000000
0.000000
0.000000
-0.000000
-0.000000
-0.000000
-0.000000
-0.000000
0.000000
0.000000
0.000000
0.000000
-0.000000
-0.000000
-0.000000
-0.000000
-0.000000
0.000000
0.000000
0.000000
0.000000
0.000000
-0.000000
-0.000000
-0.000000
-0.000000
0.000000
0.000000
0.000000
0.000000
0.000000
-0.000000
-0.000000
-0.000000
-0.000000
-0.000000
0.000000
0.000000
0.000000
0.000000
-0.000000
-0.000000
-0.000000
-0.000000
-0.000000
0.000000
0.000000
0.000000
0.000000
0.000000
-0.000000
-0.000000
-0.000000
-0.000000
0.000000
0.000000
0.000000
0.000000
0.000000
-0.000000
-0.000000
-0.000000
-0.000000
0.000000
0.000000
0.000000
0.000000
0.000000
-0.000000
-0.000000
-0.000000
-0.000000
-0.000000
0.000000
0.000000
0.000000
0.000000
-0.000000
-0.000000
-0.000000
-0.000000
-0.000000
0.000000
0.000000
0.000000
0.000000
0.000000
-0.000000
-0.000000
-0.000000
-0.000000
0.000000
0.000000
0.000000
0.000000
0.000000
-0.000000
-0.000000
-0.000000
-0.000000
0.000000
0.000000
0.000000
0.000000
0.000000
-0.000000
-0.000000
-0.000000
-0.000000
-0.000000
0.000000
0.000000
0.000000
0.000000
-0.000000
-0.000000
-0.000000
-0.000000
-0.000000
0.000000
0.000000
0.000000
0.000000
-0.000000
-0.000000
-0.000000
-0.000000
-0.000000
0.000000
0.000000
0.000000
0.000000
0.000000
-0.000000
-0.000000
-0.000000
-0.000000
0.000000
0.000000
0.000000
0.000000
0.000000
-0.000000
-0.000000
-0.000000
-0.000000
-0.000000
0.000000
0.000000
0.000000
0.000000
-0.000000
-0.000000
-0.000000
-0.000000
-0.000000
0.000000
0.000000
0.000000
0.000000
-0.000000
-0.000000
-0.000000
-0.000000
-0.000000
0.000000
0.000000
0.000000
0.000000
0.000000
-0.000000
-0.000000
-0.000000
-0.000000
0.000000
0.000000
0.000001
0.000000
0.000000
-0.000000
-0.000000
-0.000001
-0.000000
-0.000000
0.000000
0.000001
0.000001
0.000000
-0.000000
-0.000000
-0.000001
-0.000000
-0.000000
0.000000
0.000001
0.000001
0.000000
0.000000
-0.000000
-0.000001
-0.000001
-0.000000
0.000000
0.000000
0.000001
0.000000
0.000000
-0.000000
-0.000001
-0.000001
-0.000000
0.000000
0.000000
0.000001
0.000001
0.000000
-0.000000
-0.000001
-0.000001
-0.000001
-0.000000
0.000000
0.000001
0.000001
0.000000
-0.000000
-0.000000
-0.000001
-0.000001
-0.000000
0.000000
0.000001
0.000001
0.000001
0.000000
-0.000000
-0.000001
-0.000001
-0.000000
0.000000
0.000001
0.000001
0.000001
0.000000
-0.000000
-0.000001
-0.000001
-0.000001
-0.000000
0.000000
0.000001
0.000001
0.000000
-0.000000
-0.000001
-0.000001
-0.000001
-0.000000
0.000000
0.000001
0.000001
0.000001
0.000000
-0.000000
-0.000001
-0.000001
-0.000000
0.000000
0.000001
0.000001
0.000001
0.000000
-0.000000
-0.000001
-0.000001
-0.000001
-0.000000
0.000000
0.000001
0.000001
0.000000
-0.000000
-0.000001
-0.000001
-0.000001
-0.000000
0.000000
0.000001
0.000001
0.000001
0.000000
-0.000000
-0.000001
-0.000001
-0.000000
0.000000
0.000001
0.000001
0.000001
0.000000
-0.000000
-0.000001
-0.000001
-0.000001
-0.000000
0.000001
0.000001
0.000001
0.000000
-0.000000
-0.000001
-0.000001
-0.000001
-0.000000
0.000000
0.000001
0.000001
0.000001
0.000000
-0.000001
-0.000001
-0.000001
-0.000000
0.000000
0.000001
0.000001
0.000001
0.000000
-0.000000
-0.000001
-0.000001
-0.000001
-0.000000
0.000001
0.000001
0.000001
0.000000
-0.000000
-0.000001
-0.000001
-0.000001
-0.000000
0.000000
0.000001
0.000001
0.000001
-0.000000
-0.000001
-0.000001
-0.000001
-0.000000
0.000000
0.000001
0.000001
0.000001
0.000000
-0.000000
-0.000001
-0.000001
-0.000001
0.000000
0.000001
0.000001
0.000001
0.000000
-0.000000
-0.000001
-0.000001
-0.000001
-0.000000
0.000000
0.000001
0.000001
0.000001
-0.000000
-0.000001
-0.000001
-0.000001
-0.000000
0.000000
0.000001
0.000001
0.000001
0.000000
-0.000001
-0.000001
-0.000001
-0.000000
0.000000
0.000001
0.000001
0.000001
0.000000
-0.000000
-0.000001
-0.000001
-0.000001
-0.000000
0.000001
0.000001
0.000001
0.000000
-0.000000
-0.000001
-0.000001
-0.000001
-0.000000
0.000000
0.000001
0.000001
0.000001
0.000000
-0.000001
-0.000001
-0.000001
-0.000000
0.000000
0.000001
0.000001
0.000001
0.000000
-0.000000
-0.000001
-0.000001
-0.000001
0.000000
0.000001
0.000001
0.000001
0.000000
-0.000000
-0.000001
-0.000001
-0.000001
-0.000000
0.000000
0.000001
0.000001
0.000001
-0.000000
-0.000001
-0.000001
-0.000001
-0.000000
0.000000
0.000001
0.000001
0.000001
0.000000
-0.000001
-0.000001
-0.000001
-0.000001
0.000000
0.000001
0.000001
0.000001
0.000000
-0.000000
-0.000001
-0.000001
-0.000001
-0.000000
0.000001
0.000001
0.000001
0.000000
-0.000000
-0.000001
-0.000001
-0.000001
-0.000000
0.000000
0.000001
0.000001
0.000001
0.000000
-0.000001
-0.000001
-0.000001
-0.000000
0.000000
0.000001
0.000001
0.000001
0.000000
-0.000000
-0.000001
-0.000001
-0.000001
0.000000
0.000001
0.000001
0.000001
0.000000
-0.000000
-0.000001
-0.000001
-0.000001
-0.000000
0.000001
0.000001
0.000001
0.000001
-0.000000
-0.000001
-0.000001
-0.000001
-0.000000
0.000000
0.000001
0.000001
0.000001
0.000000
-0.000001
-0.000001
-0.000001
-0.000001
0.000000
0.000001
0.000001
0.000001
0.000000
-0.000000
-0.000001
-0.000001
-0.000001
-0.000000
0.000001
0.000001
0.000001
0.000001
-0.000000
-0.000001
-0.000001
-0.000001
-0.000000
0.000000
0.000001
0.000001
0.000001
0.000000
-0.000001
-0.000001
-0.000001
-0.000001
0.000000
0.000001
0.000001
0.000001
0.000000
-0.000000
-0.000001
-0.000001
-0.000001
-0.000000
0.000001
0.000001
0.000001
0.000001
-0.000000
-0.000001
-0.000001
-0.000001
-0.000000
0.000000
0.000001
0.000001
0.000001
0.000000
-0.000001
-0.000001
-0.000001
-0.000001
0.000000
0.000001
0.000001
0.000001
0.000000
-0.000000
-0.000001
-0.000001
-0.000001
0.000000
0.000001
0.000001
0.000001
0.000000
-0.000000
-0.000001
-0.000001
-0.000001
-0.000000
0.000001
0.000001
0.000001
0.000001
-0.000000
-0.000001
-0.000001
-0.000001
-0.000000
0.000000
0.000001
0.000001
0.000001
0.000000
-0.000001
-0.000001
-0.000001
-0.000001
0.000000
0.000001
0.000001
0.000001
0.000000
-0.000000
-0.000001
-0.000001
-0.000001
-0.000000
0.000001
0.000001
0.000001
0.000001
-0.000000
-0.000001
-0.000001
-0.000001
-0.000000
0.000000
0.000001
0.000001
0.000001
0.000000
-0.000001
-0.000001
-0.000001
-0.000001
0.000000
0.000001
0.000001
0.000001
0.000000
-0.000000
-0.000001
-0.000001
-0.000001
-0.000000
0.000001
0.000001
0.000001
0.000001
-0.000000
-0.000001
-0.000001
-0.000001
-0.000000
0.000000
0.000001
0.000001
0.000001
0.000000
-0.000001
-0.000001
-0.000001
-0.000001
0.000000
0.000001
0.000001
0.000001
0.000000
-0.000000
-0.000001
-0.000001
-0.000001
-0.000000
0.000001
0.000001
0.000001
0.000000
-0.000000
-0.000001
-0.000001
-0.000001
-0.000000
0.000000
0.000001
0.000001
0.000001
-0.000000
-0.000001
-0.000001
-0.000001
-0.000000
0.000000
0.000001
0.000001
0.000001
0.000000
-0.000000
-0.000001
-0.000001
-0.000001
0.000000
0.000001
0.000001
0.000001
0.000000
-0.000000
-0.000001
-0.000001
-0.000001
-0.000000
0.000001
0.000001
0.000001
0.000001
-0.000000
-0.000001
-0.000001
-0.000001
-0.000000
0.000000
0.000001
0.000001
0.000001
0.000000
-0.000001
-0.000001
-0.000001
-0.000000
0.000000
0.000001
0.000001
0.000001
0.000000
-0.000000
-0.000001
-0.000001
-0.000001
-0.000000
0.000001
0.000001
0.000001
0.000000
-0.000000
-0.000001
-0.000001
-0.000001
-0.000000
0.000000
0.000001
0.000001
0.000001
-0.000000
-0.000001
-0.000001
-0.000001
-0.000000
0.000000
0.000001
0.000001
0.000001
0.000000
-0.000000
-0.000001
-0.000001
-0.000000
0.000000
0.000001
0.000001
0.000001
0.000000
-0.000000
-0.000001
-0.000001
-0.000001
-0.000000
0.000001
0.000001
0.000001
0.000000
-0.000000
-0.000001
-0.000001
-0.000001
-0.000000
0.000000
0.000001
0.000001
0.000001
-0.000000
-0.000001
-0.000001
-0.000001
-0.000000
0.000000
0.000001
0.000001
0.000001
0.000000
-0.000000
-0.000001
-0.000001
-0.000000
0.000000
0.000001
0.000001
0.000001
0.000000
-0.000000
-0.000001
-0.000001
-0.000001
-0.000000
0.000000
0.000001
0.000001
0.000000
-0.000000
-0.000001
-0.000001
-0.000001
-0.000000
0.000000
0.000001
0.000001
0.000001
0.000000
-0.000001
-0.000001
-0.000001
-0.000000
0.000000
0.000001
0.000001
0.000001
0.000000
-0.000000
-0.000001
-0.000001
-0.000000
0.000000
0.000001
0.000001
0.000001
0.000000
-0.000000
-0.000001
-0.000001
-0.000001
-0.000000
0.000000
0.000001
0.000001
0.000000
-0.000000
-0.000001
-0.000001
-0.000001
-0.000000
0.000000
0.000001
0.000001
0.000001
0.000000
-0.000000
-0.000001
-0.000001
-0.000000
0.000000
0.000001
0.000001
0.000001
0.000000
-0.000000
-0.000001
-0.000001
-0.000001
-0.000000
0.000001
0.000001
0.000001
0.000000
-0.000000
-0.000001
-0.000001
-0.000001
-0.000000
0.000000
0.000001
0.000001
0.000001
-0.000000
-0.000001
-0.000001
-0.000001
-0.000000
0.000000
0.000001
0.000001
0.000001
0.000000
-0.000000
-0.000001
-0.000001
-0.000000
0.000000
0.000001
0.000001
0.000001
0.000000
-0.000000
-0.000001
-0.000001
-0.000001
-0.000000
0.000000
0.000001
0.000001
0.000000
-0.000000
-0.000001
-0.000001
-0.000001
-0.000000
0.000000
0.000001
0.000001
0.000001
0.000000
-0.000000
-0.000001
-0.000001
-0.000000
0.000000
0.000001
0.000001
0.000001
0.000000
-0.000000
-0.000001
-0.000001
-0.000001
-0.000000
0.000001
0.000001
0.000001
0.000000
-0.000000
-0.000001
-0.000001
-0.000001
-0.000000
0.000000
0.000001
0.000001
0.000001
-0.000000
-0.000001
-0.000001
-0.000001
-0.000000
0.000000
0.000001
0.000001
0.000001
0.000000
-0.000000
-0.000001
-0.000001
-0.000000
0.000000
0.000001
0.000001
0.000001
0.000000
-0.000000
-0.000001
-0.000001
-0.000001
-0.000000
0.000000
0.000001
0.000001
0.000000
-0.000000
-0.000001
-0.000001
-0.000001
-0.000000
0.000000
0.000001
0.000001
0.000001
0.000000
-0.000000
-0.000001
-0.000001
-0.000000
0.000000
0.000001
0.000001
0.000001
0.000000
-0.000000
-0.000001
-0.000001
-0.000001
-0.000000
0.000000
0.000001
0.000001
0.000000
-0.000000
-0.000001
-0.000001
-0.000001
-0.000000
0.000000
0.000001
0.000001
0.000000
-0.000000
-0.000000
-0.000001
-0.000001
-0.000000
0.000000
0.000001
0.000001
0.000001
0.000000
-0.000000
-0.000001
-0.000001
-0.000000
0.000000
0.000000
0.000001
0.000001
0.000000
-0.000000
-0.000001
-0.000001
-0.000001
-0.000000
0.000000
0.000001
0.000001
0.000000
-0.000000
-0.000001
-0.000001
-0.000001
-0.000000
0.000000
0.000001
0.000001
0.000000
0.000000
-0.000000
-0.000001
-0.000001
-0.000000
0.000000
0.000001
0.000001
0.000001
0.000000
-0.000000
-0.000001
-0.000001
-0.000000
0.000000
0.000000
0.000001
0.000001
0.000000
-0.000000
-0.000001
-0.000001
-0.000000
-0.000000
0.000000
0.000001
0.000001
0.000000
-0.000000
-0.000000
-0.000001
-0.000001
-0.000000
0.000000
0.000001
0.000001
0.000000
0.000000
-0.000000
-0.000001
-0.000001
-0.000000
0.000000
0.000000
0.000001
0.000001
0.000000
-0.000000
-0.000001
-0.000001
-0.000000
0.000000
0.000000
0.000001
0.000001
0.000000
-0.000000
-0.000001
-0.000001
-0.000000
-0.000000
0.000000
0.000001
0.000001
0.000000
-0.000000
-0.000000
-0.000001
-0.000001
-0.000000
0.000000
0.000001
0.000001
0.000000
0.000000
-0.000000
-0.000001
-0.000001
-0.000000
0.000000
0.000000
0.000001
0.000001
0.000000
-0.000000
-0.000001
-0.000001
-0.000000
0.000000
0.000000
0.000001
0.000001
0.000000
-0.000000
-0.000001
-0.000001
-0.000000
-0.000000
0.000000
0.000001
0.000001
0.000000
-0.000000
-0.000000
-0.000001
-0.000001
-0.000000
0.000000
0.000001
0.000001
0.000000
0.000000
-0.000000
-0.000001
-0.000001
-0.000000
0.000000
0.000000
0.000001
0.000001
0.000000
-0.000000
-0.000001
-0.000001
-0.000000
-0.000000
0.000000
0.000001
0.000001
0.000000
-0.000000
-0.000001
-0.000001
-0.000001
-0.000000
0.000000
0.000001
0.000001
0.000000
-0.000000
-0.000000
-0.000001
-0.000001
-0.000000
0.000000
0.000001
0.000001
0.000001
0.000000
-0.000000
-0.000001
-0.000001
-0.000000
0.000000
0.000000
0.000001
0.000001
0.000000
-0.000000
-0.000001
-0.000001
-0.000000
-0.000000
0.000000
0.000001
0.000001
0.000000
-0.000000
-0.000001
-0.000001
-0.000001
-0.000000
0.000000
0.000001
0.000001
0.000000
0.000000
-0.000000
-0.000001
-0.000001
-0.000000
0.000000
0.000001
0.000001
0.000001
0.000000
-0.000000
-0.000001
-0.000001
-0.000000
-0.000000
0.000000
0.000001
0.000001
0.000000
-0.000000
-0.000001
-0.000001
-0.000001
-0.000000
0.000000
0.000001
0.000001
0.000000
-0.000000
-0.000000
-0.000001
-0.000001
-0.000000
0.000000
0.000001
0.000001
0.000001
0.000000
-0.000000
-0.000001
-0.000001
-0.000000
0.000000
0.000001
0.000001
0.000001
0.000000
-0.000000
-0.000001
-0.000001
-0.000001
-0.000000
0.000000
0.000001
0.000001
0.000000
-0.000000
-0.000001
-0.000001
-0.000001
-0.000000
0.000000
0.000001
0.000001
0.000001
0.000000
-0.000000
-0.000001
-0.000001
-0.000000
0.000000
0.000001
0.000001
0.000001
0.000000
-0.000000
-0.000001
-0.000001
-0.000001
-0.000000
0.000000
0.000001
0.000001
0.000000
-0.000000
-0.000001
-0.000001
-0.000001
-0.000000
0.000000
0.000001
0.000001
0.000001
0.000000
-0.000000
-0.000001
-0.000001
-0.000000
0.000000
0.000001
0.000001
0.000001
0.000000
-0.000000
-0.000001
-0.000001
-0.000001
-0.000000
0.000000
0.000001
0.000001
0.000000
-0.000000
-0.000001
-0.000001
-0.000001
-0.000000
0.000000
0.000001
0.000001
0.000001
0.000000
-0.000000
-0.000001
-0.000001
-0.000000
0.000000
0.000001
0.000001
0.000001
0.000000
-0.000000
-0.000001
-0.000001
-0.000001
-0.000000
0.000000
0.000001
0.000001
0.000000
-0.000000
-0.000001
-0.000001
-0.000001
-0.000000
0.000000
0.000001
0.000001
0.000000
0.000000
-0.000000
-0.000001
-0.000001
-0.000000
0.000000
0.000001
0.000001
0.000001
0.000000
-0.000000
-0.000001
-0.000001
-0.000000
-0.000000
0.000000
0.000001
0.000001
0.000000
-0.000000
-0.000001
-0.000001
-0.000001
-0.000000
0.000000
0.000001
0.000001
0.000000
-0.000000
-0.000000
-0.000001
-0.000001
-0.000000
0.000000
0.000001
0.000001
0.000001
0.000000
-0.000000
-0.000001
-0.000001
-0.000000
0.000000
0.000000
0.000001
0.000001
0.000000
-0.000000
-0.000001
-0.000001
-0.000001
-0.000000
0.000000
0.000001
0.000001
0.000000
-0.000000
-0.000000
-0.000001
-0.000001
-0.000000
0.000000
0.000001
0.000001
0.000000
0.000000
-0.000000
-0.000001
-0.000001
-0.000000
0.000000
0.000000
0.000001
0.000001
0.000000
-0.000000
-0.000001
-0.000001
-0.000000
-0.000000
0.000000
0.000001
0.000001
0.000000
-0.000000
-0.000000
-0.000001
-0.000001
-0.000000
0.000000
0.000001
0.000001
0.000000
0.000000
-0.000000
-0.000001
-0.000001
-0.000000
0.000000
0.000000
0.000001
0.000001
0.000000
-0.000000
-0.000001
-0.000001
-0.000000
-0.000000
0.000000
0.000001
0.000001
0.000000
-0.000000
-0.000000
-0.000001
-0.000000
-0.000000
0.000000
0.000001
0.000001
0.000000
0.000000
-0.000000
-0.000001
-0.000001
-0.000000
0.000000
0.000000
0.000001
0.000000
0.000000
-0.000000
-0.000001
-0.000001
-0.000000
0.000000
0.000000
0.000001
0.000001
0.000000
-0.000000
-0.000000
-0.000001
-0.000000
-0.000000
0.000000
0.000001
0.000001
0.000000
-0.000000
-0.000000
-0.000001
-0.000001
-0.000000
0.000000
0.000000
0.000001
0.000000
0.000000
-0.000000
-0.000001
-0.000001
-0.000000
0.000000
0.000000
0.000001
0.000001
0.000000
-0.000000
-0.000001
-0.000001
-0.000000
-0.000000
0.000000
0.000001
0.000001
0.000000
-0.000000
-0.000000
-0.000001
-0.000000
-0.000000
0.000000
0.000001
0.000001
0.000000
0.000000
-0.000000
-0.000001
-0.000001
-0.000000
0.000000
0.000000
0.000001
0.000000
0.000000
-0.000000
-0.000001
-0.000001
-0.000000
-0.000000
0.000000
0.000001
0.000001
0.000000
-0.000000
-0.000000
-0.000001
-0.000000
-0.000000
0.000000
0.000001
0.000001
0.000000
-0.000000
-0.000000
-0.000001
-0.000001
-0.000000
0.000000
0.000000
0.000001
0.000000
0.000000
