0.35515
0.35515
0.35515
0.35515
0.35515
0.35515
0.35515
0.35515
0.35515
0.35515
0.35549
0.35549
0.35549
0.35549
0.35549
0.35549
0.35549
0.35549
0.35549
0.35549
0.35549
0.35549
0.35549
0.35549
0.35549
0.35549
0.35549
0.35549
0.35549
0.35549
0.35549
0.35549
0.35549
0.35549
0.35549
0.35549
0.35549
0.35549
0.35549
0.35549
0.35549
0.35549
0.35549
0.35549
0.35549
0.35549
0.35549
0.35549
0.35549
0.35549
1.3557
1.3425
1.3109
1.249
1.1712
1.0738
0.96422
0.8532
0.75163
0.67486
0.64167
0.66167
0.72812
0.82558
0.93519
1.0462
1.1478
1.23
1.2979
1.3368
1.3557
1.3428
1.3112
1.2492
1.1715
1.074
0.96445
0.85343
0.75186
0.67508
0.64189
0.66188
0.72833
0.82578
0.93539
1.0464
1.148
1.2302
1.2981
1.3369
1.3559
1.3428
1.3112
1.2492
1.1715
1.074
0.96445
0.85343
0.75186
0.67508
0.64189
0.6103
0.58026
0.55168
0.5245
0.49864
0.47405
0.45065
0.42838
0.40719
0.38704
0.36789
0.34971
0.33243
0.316
0.30036
0.28534
0.27118
0.2577
0.24486
0.23266
0.22112
0.21033
0.20007
0.19031
0.181
0.1721
0.1636
0.15548
0.14777
0.14046
0.13355
0.12704
0.12086
0.11499
0.10936
0.10394
0.098726
0.09373
0.08899
0.084531
0.080378
0.076507
0.07287
0.069399
0.066023
0.062774
0.059513
0.056365
0.053393
0.050656
0.0482
0.04601
0.044011
0.04205
0.040043
0.037953
0.035814
0.033729
0.031819
0.030191
0.028873
0.027808
0.026855
0.025846
0.024749
0.023299
0.021686
0.020079
0.018694
0.017694
0.017127
0.016884
0.016736
0.016401
0.015669
0.014479
0.012975
0.011452
0.010265
0.0097467
0.0099567
0.010547
0.011097
0.011172
0.010721
0.0095308
0.0078145
0.0059347
0.0045669
0.0046625
0.0059897
0.007503
0.008578
0.0089425
0.0084747
0.0071973
0.005237
0.002756

