8.62722e-09
2.28372e-08
2.6821e-08
1.88943e-08
2.66055e-09
-1.46256e-08
-2.52998e-08
-2.46855e-08
-1.31419e-08
4.13407e-09
1.94465e-08
2.60281e-08
2.10305e-08
6.75543e-09
-1.04037e-08
-2.28246e-08
-2.50413e-08
-1.6149e-08
-1.70008e-10
1.57646e-08
2.45968e-08
2.24674e-08
1.04013e-08
-6.18293e-09
-1.99055e-08
-2.47088e-08
-1.8531e-08
-4.18949e-09
1.19029e-08
2.26046e-08
2.32144e-08
1.35357e-08
-2.06926e-09
-1.66445e-08
-2.37407e-08
-2.02683e-08
-7.8415e-09
7.97011e-09
2.01376e-08
2.32968e-08
1.61122e-08
1.84041e-09
-1.31456e-08
-2.22017e-08
-2.13575e-08
-1.1057e-08
4.07005e-09
1.72879e-08
2.27539e-08
1.81005e-08
5.45988e-09
-9.51208e-09
-2.01659e-08
-2.18113e-08
-1.37814e-08
2.99488e-10
1.4151e-08
2.16378e-08
1.94861e-08
8.71505e-09
-5.84426e-09
-1.77153e-08
-2.16565e-08
-1.59752e-08
-3.25359e-09
1.08241e-08
2.00112e-08
2.02698e-08
1.15449e-08
-2.23753e-09
-1.49368e-08
-2.09331e-08
-1.76139e-08
-6.51153e-09
7.40311e-09
1.79457e-08
2.04669e-08
1.39021e-08
1.21967e-09
-1.19206e-08
-1.96929e-08
-1.8688e-08
-9.40823e-09
3.98083e-09
1.55195e-08
2.01064e-08
1.57537e-08
4.44751e-09
-8.7573e-09
-1.7997e-08
-1.92022e-08
-1.18901e-08
6.44991e-10
1.28149e-08
1.92288e-08
1.70806e-08
7.37615e-09
-5.53637e-09
-1.59144e-08
-1.91747e-08
-1.39166e-08
4.65561e-08
-7.82272e-08
1.08315e-07
-1.3604e-07
1.60404e-07
-1.80145e-07
1.93709e-07
-1.99257e-07
1.94697e-07
-1.77785e-07
1.46246e-07
-9.81179e-08
3.16947e-08
5.29895e-08
-1.56815e-07
2.72411e-07
-4.07236e-07
5.20747e-07
-6.85784e-07
6.81576e-07
-9.94303e-07
4.28529e-07
-1.66519e-06
-1.28783e-06
-4.43785e-06
-7.9821e-06
-1.55685e-05
-3.02012e-05
-5.24011e-05
-9.32191e-05
-0.000150149
-0.00023797
-0.000347867
-0.000480567
-0.000607716
-0.00068736
-0.000659635
-0.000441804
1.29338e-05
0.000721981
0.00157885
0.00237216
0.00278749
0.00250403
0.00138759
-0.000403101
-0.00229887
-0.00352323
-0.00342838
-0.0019012
0.000372679
0.00222495
0.00260544
0.00134284
-0.000616473
-0.00186733
-0.00152648
-2.65304e-05
0.00124555
0.00122339
6.49135e-05
-0.000961351
-0.000830551
0.000138499
0.000797284
0.000436509
-0.000388151
-0.000578729
-1.50059e-05
0.00046191
0.000254304
-0.000283268
-0.000323954
0.000131024
0.000288707
-1.5842e-05
-0.000227808
-6.22471e-05
0.000190134
9.26702e-05
-0.000176191
-7.40436e-05
0.000158411
2.97967e-05
-0.000117657
3.89835e-06
6.25664e-05
-4.03406e-06
-2.02998e-05
-2.48076e-05
1.34343e-05
5.72687e-05
-4.40284e-05
-6.59594e-05
9.41427e-05
3.70606e-05
-0.000137999
2.55936e-05
0.000155296
