-2.60367e-08
-3.34376e-08
-2.59681e-08
-7.06855e-09
1.47916e-08
2.99081e-08
3.16486e-08
1.93612e-08
-1.38997e-09
-2.1343e-08
-3.16709e-08
-2.78855e-08
-1.17864e-08
9.3914e-09
2.6227e-08
3.13041e-08
2.24763e-08
3.7722e-09
-1.64417e-08
-2.92023e-08
-2.89232e-08
-1.58391e-08
4.14766e-09
2.21287e-08
3.01591e-08
2.47669e-08
8.45252e-09
-1.14684e-08
-2.61445e-08
-2.91208e-08
-1.91766e-08
-8.22507e-10
1.77444e-08
2.83004e-08
2.62369e-08
1.25711e-08
-6.55043e-09
-2.26153e-08
-2.85342e-08
-2.17682e-08
-5.41628e-09
1.32027e-08
2.58249e-08
2.69086e-08
1.60661e-08
-1.80553e-09
-1.87355e-08
-2.72333e-08
-2.36023e-08
-9.54637e-09
8.62722e-09
2.28372e-08
2.6821e-08
1.88943e-08
2.66055e-09
-1.46256e-08
-2.52998e-08
-2.46855e-08
-1.31419e-08
4.13407e-09
1.94465e-08
2.60281e-08
2.10305e-08
6.75543e-09
-1.04037e-08
-2.28246e-08
-2.50413e-08
-1.6149e-08
-1.70008e-10
1.57646e-08
2.45968e-08
2.24674e-08
1.04013e-08
-6.18293e-09
-1.99055e-08
-2.47088e-08
-1.8531e-08
-4.18949e-09
1.19029e-08
2.26046e-08
2.32144e-08
1.35357e-08
-2.06926e-09
-1.66445e-08
-2.37407e-08
-2.02683e-08
-7.8415e-09
7.97011e-09
2.01376e-08
2.32968e-08
1.61122e-08
1.84041e-09
-1.31456e-08
-2.22017e-08
-2.13575e-08
-1.1057e-08
4.07005e-09
1.72879e-08
2.27539e-08
1.81005e-08
5.45988e-09
-2.81629e-08
4.86165e-08
-6.53489e-08
7.67598e-08
-8.10937e-08
7.64464e-08
-6.08162e-08
3.2213e-08
1.11621e-08
-7.06547e-08
1.46811e-07
-2.38951e-07
3.44688e-07
-4.59439e-07
5.76003e-07
-6.84321e-07
7.71553e-07
-8.22638e-07
8.21496e-07
-7.52978e-07
6.05598e-07
-3.74891e-07
6.70271e-08
2.97973e-07
-6.84351e-07
1.04117e-06
-1.30643e-06
1.41552e-06
-1.31406e-06
9.73628e-07
-4.08056e-07
-3.15176e-07
1.0719e-06
-1.69687e-06
2.00815e-06
-1.87068e-06
1.21183e-06
-1.58471e-07
-1.14788e-06
2.14584e-06
-2.84832e-06
2.17352e-06
-1.53406e-06
-1.33448e-06
1.56881e-06
-4.96079e-06
1.54422e-06
-3.11977e-06
-2.57657e-06
4.55331e-06
-1.11544e-06
1.15678e-05
1.36621e-05
1.20497e-05
2.15619e-05
9.54598e-07
-1.21997e-05
-2.79687e-05
-6.0655e-05
-4.67652e-05
-2.42687e-05
1.10323e-05
8.37023e-05
9.26663e-05
5.87206e-05
1.16739e-05
-9.19071e-05
-0.000117336
-3.90404e-05
1.78028e-05
9.37457e-05
0.00010616
-3.56793e-05
-9.23623e-05
-3.1007e-05
-1.39324e-05
6.01346e-05
9.81363e-05
-6.73303e-05
-0.000101792
6.51833e-05
3.63161e-05
-4.53135e-05
5.34628e-05
-3.35563e-06
-0.000123275
7.91613e-05
0.000146236
-0.00016805
-0.000115129
0.000252712
3.64679e-05
-0.000321185
7.78586e-05
0.000371007
-0.000217482
-0.000409853
0.000377151
0.000455473
