1.61122e-08
1.84041e-09
-1.31456e-08
-2.22017e-08
-2.13575e-08
-1.1057e-08
4.07005e-09
1.72879e-08
2.27539e-08
1.81005e-08
5.45988e-09
-9.51208e-09
-2.01659e-08
-2.18113e-08
-1.37814e-08
2.99488e-10
1.4151e-08
2.16378e-08
1.94861e-08
8.71505e-09
-5.84426e-09
-1.77153e-08
-2.16565e-08
-1.59752e-08
-3.25359e-09
1.08241e-08
2.00112e-08
2.02698e-08
1.15449e-08
-2.23753e-09
-1.49368e-08
-2.09331e-08
-1.76139e-08
-6.51153e-09
7.40311e-09
1.79457e-08
2.04669e-08
1.39021e-08
1.21967e-09
-1.19206e-08
-1.96929e-08
-1.8688e-08
-9.40823e-09
3.98083e-09
1.55195e-08
2.01064e-08
1.57537e-08
4.44751e-09
-8.7573e-09
-1.7997e-08
-1.92022e-08
-1.18901e-08
6.44991e-10
1.28149e-08
1.92288e-08
1.70806e-08
7.37615e-09
-5.53637e-09
-1.59144e-08
-1.91747e-08
-1.39166e-08
-2.52361e-09
9.91709e-09
1.78855e-08
1.78779e-08
9.94691e-09
-2.34372e-09
-1.35201e-08
-1.86357e-08
-1.54606e-08
-5.45262e-09
6.91104e-09
1.61364e-08
1.81539e-08
1.2113e-08
7.39958e-10
-1.08925e-08
-1.7627e-08
-1.65084e-08
-8.07946e-09
3.88004e-09
1.40483e-08
1.79292e-08
1.38401e-08
3.6408e-09
-8.11192e-09
-1.61997e-08
-1.70594e-08
-1.03527e-08
9.03032e-10
1.1692e-08
1.72347e-08
1.51047e-08
6.29063e-09
-5.2622e-09
-1.44178e-08
-1.71328e-08
-1.22425e-08
-1.96043e-09
9.12208e-09
1.60844e-08
-4.16404e-08
6.76834e-08
-9.59439e-08
1.2413e-07
-1.58858e-07
1.85913e-07
-2.36151e-07
2.43171e-07
-3.40354e-07
2.60771e-07
-5.06432e-07
1.54814e-07
-8.07547e-07
-2.0451e-07
-1.29858e-06
-8.32543e-07
-1.70779e-06
-1.12196e-06
-8.13353e-07
7.26642e-07
3.54875e-06
6.50066e-06
1.12775e-05
1.26134e-05
1.34535e-05
5.44292e-06
-5.39976e-06
-2.42595e-05
-3.88383e-05
-4.58934e-05
-3.39537e-05
-1.69483e-06
3.98453e-05
7.64849e-05
7.78164e-05
4.25619e-05
-2.65471e-05
-8.44779e-05
-9.65773e-05
-4.67109e-05
3.94982e-05
9.33305e-05
8.05069e-05
-1.95579e-06
-7.66121e-05
-8.11973e-05
-1.23951e-05
6.8716e-05
6.96798e-05
3.42196e-06
-6.47853e-05
-5.47956e-05
2.13133e-05
5.9059e-05
2.68351e-05
-4.07824e-05
-4.79629e-05
1.41252e-05
4.33927e-05
1.49298e-05
-3.59207e-05
-2.9304e-05
2.77098e-05
2.6984e-05
-1.09967e-05
-2.67815e-05
-2.38117e-06
3.25251e-05
2.64386e-07
-2.88553e-05
4.68562e-06
1.55031e-05
2.55843e-06
-1.15202e-05
-1.16682e-05
2.19257e-05
4.45192e-06
-2.71741e-05
1.34357e-05
1.32289e-05
-1.86379e-05
6.129e-06
3.51101e-06
-7.44896e-06
1.22599e-05
-1.09226e-05
-6.16771e-06
2.54557e-05
-1.94603e-05
-1.39725e-05
3.87093e-05
-2.00258e-05
-2.79097e-05
4.96542e-05
-1.20189e-05
-4.78717e-05
5.59423e-05
8.77942e-06
-7.34483e-05
