8.62722e-09
2.28372e-08
2.6821e-08
1.88943e-08
2.66055e-09
-1.46256e-08
-2.52998e-08
-2.46855e-08
-1.31419e-08
4.13407e-09
1.94465e-08
2.60281e-08
2.10305e-08
6.75543e-09
-1.04037e-08
-2.28246e-08
-2.50413e-08
-1.6149e-08
-1.70008e-10
1.57646e-08
2.45968e-08
2.24674e-08
1.04013e-08
-6.18293e-09
-1.99055e-08
-2.47088e-08
-1.8531e-08
-4.18949e-09
1.19029e-08
2.26046e-08
2.32144e-08
1.35357e-08
-2.06926e-09
-1.66445e-08
-2.37407e-08
-2.02683e-08
-7.8415e-09
7.97011e-09
2.01376e-08
2.32968e-08
1.61122e-08
1.84041e-09
-1.31456e-08
-2.22017e-08
-2.13575e-08
-1.1057e-08
4.07005e-09
1.72879e-08
2.27539e-08
1.81005e-08
5.45988e-09
-9.51208e-09
-2.01659e-08
-2.18113e-08
-1.37814e-08
2.99488e-10
1.4151e-08
2.16378e-08
1.94861e-08
8.71505e-09
-5.84426e-09
-1.77153e-08
-2.16565e-08
-1.59752e-08
-3.25359e-09
1.08241e-08
2.00112e-08
2.02698e-08
1.15449e-08
-2.23753e-09
-1.49368e-08
-2.09331e-08
-1.76139e-08
-6.51153e-09
7.40311e-09
1.79457e-08
2.04669e-08
1.39021e-08
1.21967e-09
-1.19206e-08
-1.96929e-08
-1.8688e-08
-9.40823e-09
3.98083e-09
1.55195e-08
2.01064e-08
1.57537e-08
4.44751e-09
-8.7573e-09
-1.7997e-08
-1.92022e-08
-1.18901e-08
6.44991e-10
1.28149e-08
1.92288e-08
1.70806e-08
7.37615e-09
-5.53637e-09
-1.59144e-08
-1.91747e-08
-1.39166e-08
4.65561e-08
-7.82272e-08
1.08315e-07
-1.3604e-07
1.60404e-07
-1.80145e-07
1.93709e-07
-1.99257e-07
1.94697e-07
-1.77783e-07
1.46254e-07
-9.8093e-08
3.17679e-08
5.3199e-08
-1.5623e-07
2.74007e-07
-4.02995e-07
5.31721e-07
-6.58141e-07
7.49307e-07
-8.33006e-07
8.0153e-07
-8.28429e-07
5.31075e-07
-6.11627e-07
-2.04587e-07
-3.18368e-07
-1.41528e-06
-2.21539e-07
-2.65991e-06
-2.38301e-07
-2.43461e-06
1.02156e-06
1.94102e-06
5.90063e-06
1.11822e-05
1.25289e-05
1.63255e-05
7.72995e-06
-1.45362e-06
-2.1549e-05
-4.03072e-05
-4.77841e-05
-4.24628e-05
-5.89031e-06
3.66134e-05
7.84057e-05
8.6853e-05
4.4138e-05
-2.1802e-05
-9.14825e-05
-9.99563e-05
-4.23244e-05
4.14402e-05
0.000103401
7.04578e-05
-1.48354e-05
-8.10419e-05
-7.74977e-05
1.36054e-05
7.53323e-05
5.22923e-05
-1.62469e-05
-7.4333e-05
-2.9078e-05
4.84731e-05
4.40308e-05
-8.48403e-07
-4.82009e-05
-3.02197e-05
4.67063e-05
3.01622e-05
-2.83521e-05
-1.9973e-05
-2.93122e-06
2.52503e-05
2.22359e-05
-4.33673e-05
-1.24405e-05
4.9107e-05
-1.36763e-05
-2.71693e-05
2.5786e-05
-8.63818e-06
-6.62951e-06
2.79056e-05
-3.18372e-05
-1.10198e-05
5.9157e-05
-3.50448e-05
-5.01526e-05
8.26545e-05
1.32034e-06
-0.000101944
6.92631e-05
7.67139e-05
-0.000133831
-9.36694e-06
0.00016848
