3.63377e-08
4.50338e-08
3.37092e-08
7.59309e-09
-2.1599e-08
-4.09181e-08
-4.19235e-08
-2.43677e-08
3.7824e-09
2.99584e-08
4.25994e-08
3.62562e-08
1.39364e-08
-1.43156e-08
-3.59363e-08
-4.14285e-08
-2.85303e-08
-3.14042e-09
2.33765e-08
3.92751e-08
3.76292e-08
1.93474e-08
-7.31013e-09
-3.04614e-08
-3.98968e-08
-3.15798e-08
-9.37015e-09
1.67636e-08
3.52167e-08
3.78993e-08
2.37813e-08
-7.22412e-10
-2.46645e-08
-3.74543e-08
-3.3541e-08
-1.48202e-08
1.02779e-08
3.0583e-08
3.71546e-08
2.72169e-08
5.32753e-09
-1.87101e-08
-3.42359e-08
-3.44593e-08
-1.94269e-08
4.06262e-09
2.5532e-08
3.54972e-08
2.96552e-08
1.07402e-08
-1.2753e-08
-3.03822e-08
-3.43982e-08
-2.31492e-08
-1.75571e-09
2.02186e-08
3.30409e-08
3.11186e-08
1.54371e-08
-6.93642e-09
-2.60367e-08
-3.34376e-08
-2.59681e-08
-7.06855e-09
1.47916e-08
2.99081e-08
3.16486e-08
1.93612e-08
-1.38997e-09
-2.1343e-08
-3.16709e-08
-2.78855e-08
-1.17864e-08
9.3914e-09
2.6227e-08
3.13041e-08
2.24763e-08
3.7722e-09
-1.64417e-08
-2.92023e-08
-2.89232e-08
-1.58391e-08
4.14766e-09
2.21287e-08
3.01591e-08
2.47669e-08
8.45252e-09
-1.14684e-08
-2.61445e-08
-2.91208e-08
-1.91766e-08
-8.22507e-10
1.77444e-08
2.83004e-08
2.62369e-08
1.25711e-08
-6.55043e-09
-2.26153e-08
-2.85342e-08
-2.17682e-08
-5.41628e-09
3.13392e-08
-5.39132e-08
7.09267e-08
-7.99731e-08
7.84239e-08
-6.34694e-08
3.22486e-08
1.79037e-08
-8.90713e-08
1.82218e-07
-2.96502e-07
4.28478e-07
-5.71279e-07
7.13913e-07
-8.40903e-07
9.32538e-07
-9.66081e-07
9.18214e-07
-7.68926e-07
5.06775e-07
-1.35041e-07
-3.22268e-07
8.1623e-07
-1.27285e-06
1.59929e-06
-1.69822e-06
1.49061e-06
-9.44326e-07
1.02354e-07
8.99192e-07
-1.83522e-06
2.42833e-06
-2.42126e-06
1.67488e-06
-2.64524e-07
-1.46791e-06
2.95221e-06
-3.54634e-06
2.79482e-06
-7.0896e-07
-2.06769e-06
4.35605e-06
-4.87413e-06
2.91292e-06
1.04273e-06
-5.17321e-06
6.98903e-06
-4.72962e-06
-1.15688e-06
7.51915e-06
-9.85038e-06
5.27905e-06
4.50134e-06
-1.29285e-05
1.24241e-05
-8.49418e-07
-1.44232e-05
1.99144e-05
-7.31378e-06
-1.61562e-05
2.87226e-05
-1.38074e-05
-2.15125e-05
4.03733e-05
-1.81861e-05
-3.63297e-05
5.53261e-05
-1.26017e-05
-6.6044e-05
7.15579e-05
2.75151e-05
-0.000102509
7.0981e-05
0.000126461
-0.000128862
-4.39069e-05
0.000203784
-0.000100743
-0.000329499
0.000139869
0.000266455
-0.000311487
-0.000175317
0.000650095
0.000305623
-0.000837626
-0.000417233
0.000987767
0.000458629
-0.00135369
-0.000763713
0.00182683
0.0016242
-0.00203517
-0.00317788
0.00133117
0.00523387
0.00133247
-0.0065393
